2 0.96875 0.2214484679665738 0.01875 0.05013927576601671
2 0.85078125 0.2479108635097493 0.0203125 0.04178272980501393
2 0.82890625 0.33565459610027853 0.028125 0.052924791086350974
2 0.715625 0.2576601671309192 0.0171875 0.036211699164345405
2 0.6953125 0.3426183844011142 0.021875 0.04456824512534819
2 0.64453125 0.2646239554317549 0.015625 0.033426183844011144
2 0.6 0.3286908077994429 0.0203125 0.04456824512534819
2 0.56953125 0.4233983286908078 0.0234375 0.05013927576601671
2 0.50703125 0.33147632311977715 0.01875 0.03899721448467967
2 0.48984375 0.40807799442896936 0.021875 0.04178272980501393
2 0.40859375 0.4052924791086351 0.01875 0.04178272980501393
2 0.40546875 0.6155988857938719 0.0375 0.06963788300835655
2 0.30546875 0.5584958217270195 0.0328125 0.06963788300835655
2 0.22421875 0.532033426183844 0.028125 0.055710306406685235
2 0.13203125 0.8314763231197771 0.0453125 0.0947075208913649
2 0.0328125 0.6420612813370473 0.03125 0.055710306406685235
2 0.01484375 0.5905292479108635 0.0296875 0.04178272980501393
2 0.06640625 0.7186629526462396 0.0359375 0.07242339832869081
2 0.653125 0.4233983286908078 0.0265625 0.052924791086350974