2 0.9421875 0.425 0.0453125 0.08888888888888889
2 0.8328125 0.39444444444444443 0.0171875 0.03888888888888889
2 0.80078125 0.4625 0.0234375 0.04722222222222222
2 0.70625 0.3486111111111111 0.0140625 0.03333333333333333
2 0.640625 0.3263888888888889 0.015625 0.025
2 0.67578125 0.41805555555555557 0.0171875 0.030555555555555555
2 0.628125 0.4791666666666667 0.025 0.041666666666666664
2 0.59140625 0.3680555555555556 0.0140625 0.030555555555555555
2 0.55078125 0.4388888888888889 0.0171875 0.041666666666666664
2 0.5046875 0.33055555555555555 0.0125 0.030555555555555555
2 0.47890625 0.3958333333333333 0.0171875 0.030555555555555555
2 0.40390625 0.3597222222222222 0.015625 0.030555555555555555
2 0.3765625 0.5513888888888889 0.028125 0.058333333333333334
2 0.29296875 0.45694444444444443 0.028125 0.058333333333333334
2 0.2171875 0.4 0.021875 0.04722222222222222
2 0.0921875 0.6444444444444445 0.034375 0.06944444444444445
2 0.05 0.5097222222222222 0.028125 0.05555555555555555
2 0.0265625 0.42083333333333334 0.028125 0.04722222222222222
2 0.0171875 0.36666666666666664 0.028125 0.03333333333333333