0 0.9453125 0.4777158774373259 0.015625 0.03899721448467967
0 0.859375 0.46518105849582175 0.0171875 0.03899721448467967
0 0.7734375 0.5139275766016713 0.021875 0.04456824512534819
0 0.68984375 0.49303621169916434 0.01875 0.04456824512534819
0 0.6390625 0.5487465181058496 0.0234375 0.04735376044568245
0 0.7328125 0.4233983286908078 0.015625 0.03064066852367688
0 0.6625 0.3997214484679666 0.0109375 0.025069637883008356
0 0.60625 0.44986072423398327 0.015625 0.03064066852367688
0 0.55859375 0.5222841225626741 0.0203125 0.03899721448467967
0 0.509375 0.41643454038997213 0.015625 0.03064066852367688
0 0.41875 0.44846796657381616 0.0125 0.03064066852367688
0 0.48359375 0.4832869080779944 0.021875 0.03064066852367688
0 0.39453125 0.6629526462395543 0.03125 0.04456824512534819
0 0.3 0.5807799442896936 0.0234375 0.055710306406685235
0 0.25625 0.5292479108635098 0.021875 0.03899721448467967
0 0.11328125 0.7479108635097493 0.0328125 0.06406685236768803
0 0.0234375 0.4958217270194986 0.0234375 0.03899721448467967
0 0.08984375 0.6462395543175488 0.025 0.052924791086350974