1 0.95078125 0.2722222222222222 0.01875 0.03888888888888889
1 0.84921875 0.28194444444444444 0.0234375 0.03611111111111111
1 0.746875 0.3416666666666667 0.0234375 0.04722222222222222
1 0.696875 0.43194444444444446 0.028125 0.058333333333333334
1 0.7078125 0.27361111111111114 0.0171875 0.03611111111111111
1 0.63359375 0.3611111111111111 0.01875 0.03611111111111111
1 0.628125 0.275 0.015625 0.030555555555555555
1 0.59453125 0.3277777777777778 0.015625 0.03611111111111111
1 0.53984375 0.4027777777777778 0.0203125 0.044444444444444446
1 0.49296875 0.31527777777777777 0.015625 0.03611111111111111
1 0.4734375 0.39444444444444443 0.0203125 0.03333333333333333
1 0.4 0.375 0.015625 0.03611111111111111
1 0.39375 0.5777777777777777 0.0328125 0.06388888888888888
1 0.296875 0.5097222222222222 0.03125 0.06388888888888888
1 0.09453125 0.6694444444444444 0.0328125 0.06944444444444445
1 0.0703125 0.5861111111111111 0.0359375 0.044444444444444446
1 0.25 0.4847222222222222 0.028125 0.05277777777777778
1 0.01953125 0.5083333333333333 0.0296875 0.044444444444444446