1 0.89453125 0.32729805013927576 0.025 0.03899721448467967
1 0.7859375 0.38997214484679665 0.0265625 0.05013927576601671
1 0.7453125 0.3203342618384401 0.0171875 0.03064066852367688
1 0.65 0.45125348189415043 0.028125 0.0584958217270195
1 0.60703125 0.362116991643454 0.0171875 0.03899721448467967
1 0.53125 0.4415041782729805 0.0203125 0.04456824512534819
1 0.50703125 0.3467966573816156 0.015625 0.03064066852367688
1 0.4078125 0.41086350974930363 0.0125 0.03064066852367688
1 0.40078125 0.6323119777158774 0.03125 0.055710306406685235
1 0.290625 0.5445682451253482 0.03125 0.06685236768802229
1 0.2375 0.5139275766016713 0.028125 0.052924791086350974
1 0.1078125 0.7799442896935933 0.0390625 0.07520891364902507
1 0.05546875 0.6838440111420613 0.0375 0.06685236768802229
1 0.01015625 0.5278551532033426 0.0203125 0.04735376044568245