1 0.09183854166666668 0.45602777777777775 0.022072916666666664 0.03202777777777786
1 0.197125 0.488962962962963 0.018401041666666694 0.04146296296296299
1 0.22821875 0.41395370370370366 0.016380208333333358 0.030657407407407473
1 0.32584375 0.5155833333333334 0.023197916666666617 0.04498148148148147
1 0.35669791666666667 0.4184629629629629 0.01620833333333325 0.03558333333333334
1 0.43555208333333334 0.4763703703703704 0.014229166666666692 0.037453703703703746
1 0.448625 0.38340740740740736 0.012625000000000063 0.02451851851851848
1 0.4737083333333333 0.4499166666666667 0.017135416666666715 0.02739814814814818
1 0.5450052083333333 0.41685185185185186 0.010562500000000164 0.0316481481481481
1 0.5627552083333333 0.6156388888888888 0.025406250000000165 0.053611111111111144
1 0.6518958333333333 0.5190648148148148 0.020088541666666692 0.051601851851851815
1 0.7040677083333333 0.4757962962962963 0.024562499999999866 0.04048148148148145
1 0.8364791666666666 0.68925 0.02820833333333326 0.06829629629629631
1 0.8792500000000001 0.5874722222222223 0.033322916666666556 0.059435185185185285
1 0.8773489583333334 0.5162685185185185 0.028781250000000112 0.03593518518518519
1 0.9083281249999999 0.4388518518518518 0.021197916666666573 0.03610185185185186