0 0.95625 0.4192200557103064 0.015625 0.04178272980501393
0 0.87734375 0.4220055710306407 0.025 0.036211699164345405
0 0.76796875 0.47214484679665736 0.0234375 0.05013927576601671
0 0.734375 0.38997214484679665 0.015625 0.033426183844011144
0 0.69453125 0.4596100278551532 0.01875 0.03064066852367688
0 0.640625 0.5264623955431755 0.025 0.05013927576601671
0 0.6546875 0.3774373259052925 0.0140625 0.027855153203342618
0 0.6046875 0.4233983286908078 0.0171875 0.036211699164345405
0 0.55625 0.5083565459610028 0.01875 0.036211699164345405
0 0.5046875 0.403899721448468 0.015625 0.027855153203342618
0 0.48671875 0.4777158774373259 0.0203125 0.033426183844011144
0 0.4125 0.44846796657381616 0.0140625 0.027855153203342618
0 0.3921875 0.6727019498607242 0.03125 0.0584958217270195
0 0.29375 0.5988857938718662 0.025 0.05013927576601671
0 0.24765625 0.5487465181058496 0.0265625 0.04456824512534819
0 0.0953125 0.8008356545961003 0.0375 0.07242339832869081
0 0.06484375 0.6880222841225627 0.034375 0.04735376044568245
0 0.015625 0.5376044568245125 0.028125 0.04456824512534819