0 0.05734374999999999 0.39952777777777776 0.015427083333333336 0.041416666666666734
0 0.12982291666666665 0.3902685185185185 0.02121354166666669 0.03212962962962962
0 0.22709374999999996 0.4270925925925926 0.018760416666666658 0.04199074074074076
0 0.2601510416666667 0.3420092592592593 0.01121875000000001 0.03137962962962963
0 0.3027447916666667 0.4061944444444444 0.01587500000000004 0.02573148148148145
0 0.33463541666666663 0.3199259259259259 0.011328125 0.024064814814814796
0 0.354984375 0.4593981481481481 0.02088020833333326 0.046388888888888855
0 0.3855625 0.36101851851851846 0.014640624999999918 0.024833333333333367
0 0.4339479166666666 0.4311203703703703 0.016421874999999985 0.02537037037037035
0 0.47614062500000004 0.3232222222222222 0.013010416666666736 0.029944444444444447
0 0.5965520833333333 0.5641759259259258 0.028312500000000008 0.05108333333333345
0 0.6865208333333332 0.47603703703703704 0.024687500000000105 0.053166666666666626
0 0.7269062500000001 0.4263333333333333 0.021156249999999942 0.03725000000000007
0 0.8786927083333331 0.6395648148148149 0.030593749999999885 0.062851851851852
0 0.9079895833333331 0.5378981481481481 0.0319583333333334 0.03841666666666662
0 0.9489999999999998 0.3863055555555555 0.024416666666666843 0.037666666666666675