0 0.971875 0.5181058495821727 0.021875 0.04456824512534819
0 0.88046875 0.4763231197771588 0.021875 0.04178272980501393
0 0.77265625 0.5027855153203342 0.0234375 0.052924791086350974
0 0.6328125 0.5083565459610028 0.0296875 0.06128133704735376
0 0.74765625 0.4025069637883008 0.01875 0.036211699164345405
0 0.69609375 0.4623955431754875 0.021875 0.033426183844011144
0 0.6671875 0.3593314763231198 0.015625 0.03064066852367688
0 0.609375 0.39136490250696376 0.0234375 0.036211699164345405
0 0.55 0.45403899721448465 0.0234375 0.04735376044568245
0 0.51015625 0.3286908077994429 0.015625 0.03899721448467967
0 0.47578125 0.4052924791086351 0.021875 0.036211699164345405
0 0.35703125 0.5835654596100278 0.034375 0.05013927576601671
0 0.221875 0.3802228412256267 0.028125 0.052924791086350974
0 0.03984375 0.5919220055710307 0.0390625 0.07799442896935933
0 0.0140625 0.4596100278551532 0.028125 0.06128133704735376
0 0.26328125 0.45125348189415043 0.03125 0.0584958217270195
0 0.39765625 0.35236768802228413 0.0171875 0.03064066852367688