3 0.98359375 0.5598885793871866 0.021875 0.04178272980501393
3 0.88046875 0.5779944289693594 0.028125 0.055710306406685235
3 0.796875 0.5236768802228412 0.0265625 0.04178272980501393
3 0.78125 0.4052924791086351 0.01875 0.036211699164345405
3 0.73515625 0.5612813370473537 0.028125 0.06128133704735376
3 0.71796875 0.4401114206128134 0.0203125 0.04178272980501393
3 0.625 0.35376044568245124 0.0171875 0.03899721448467967
3 0.57734375 0.4275766016713092 0.0265625 0.04456824512534819
3 0.453125 0.5710306406685237 0.0421875 0.06685236768802229
3 0.1328125 0.5473537604456824 0.040625 0.08635097493036212
3 0.36953125 0.4401114206128134 0.0375 0.06685236768802229
3 0.32109375 0.35236768802228413 0.03125 0.055710306406685235
3 0.1203125 0.3286908077994429 0.034375 0.06128133704735376
3 0.09140625 0.22562674094707522 0.03125 0.052924791086350974