1 0.9765625 0.4233983286908078 0.0171875 0.04178272980501393
1 0.8703125 0.44428969359331477 0.0234375 0.04178272980501393
1 0.76328125 0.5097493036211699 0.025 0.05013927576601671
1 0.72109375 0.44707520891364905 0.0171875 0.036211699164345405
1 0.64375 0.5933147632311978 0.0296875 0.055710306406685235
1 0.65546875 0.45125348189415043 0.015625 0.03064066852367688
1 0.60546875 0.5069637883008357 0.01875 0.03899721448467967
1 0.534375 0.5933147632311978 0.021875 0.04735376044568245
1 0.50390625 0.5055710306406686 0.01875 0.036211699164345405
1 0.48515625 0.5835654596100278 0.0234375 0.03899721448467967
1 0.4171875 0.5821727019498607 0.0140625 0.03064066852367688
1 0.40859375 0.7910863509749304 0.03125 0.06406685236768803
1 0.31015625 0.7284122562674095 0.03125 0.06406685236768803
1 0.26328125 0.6963788300835655 0.0265625 0.052924791086350974
1 0.090625 0.8941504178272981 0.040625 0.07520891364902507
1 0.08125 0.807799442896936 0.0359375 0.04456824512534819
1 0.03984375 0.7493036211699164 0.0265625 0.04178272980501393