3 0.9359375 0.5722222222222222 0.0234375 0.044444444444444446
3 0.8375 0.5972222222222222 0.03125 0.058333333333333334
3 0.81015625 0.5013888888888889 0.021875 0.03611111111111111
3 0.74921875 0.5430555555555555 0.025 0.041666666666666664
3 0.6953125 0.5958333333333333 0.0265625 0.04722222222222222
3 0.66953125 0.45555555555555555 0.0203125 0.03888888888888889
3 0.60390625 0.5 0.0265625 0.05277777777777778
3 0.57578125 0.3902777777777778 0.0203125 0.041666666666666664
3 0.53515625 0.48194444444444445 0.025 0.044444444444444446
3 0.4234375 0.5986111111111111 0.034375 0.06388888888888888
3 0.33984375 0.4791666666666667 0.034375 0.06944444444444445
3 0.2734375 0.37777777777777777 0.0296875 0.058333333333333334
3 0.11015625 0.5944444444444444 0.040625 0.08333333333333333
3 0.06796875 0.4 0.040625 0.08333333333333333
3 0.0609375 0.28055555555555556 0.034375 0.04722222222222222