0 0.057432291666666656 0.47887037037037034 0.015234375 0.03636111111111104
0 0.14040624999999998 0.4641203703703703 0.016828125000000017 0.03610185185185186
0 0.22357291666666662 0.5091388888888889 0.021104166666666656 0.04300000000000005
0 0.30383854166666663 0.48587037037037034 0.017802083333333395 0.043444444444444404
0 0.3534583333333333 0.5378703703703703 0.02276562499999999 0.04404629629629619
0 0.26209375 0.42029629629629633 0.014322916666666696 0.028657407407407395
0 0.3292395833333333 0.3958703703703703 0.009739583333333357 0.022759259259259243
0 0.38430729166666666 0.4424259259259259 0.01533854166666666 0.02944444444444435
0 0.43071354166666664 0.5103425925925925 0.019484375000000043 0.03754629629629625
0 0.47735416666666663 0.406324074074074 0.015140624999999908 0.02999074074074078
0 0.5651145833333333 0.4350925925925926 0.011713541666666494 0.030027777777777785
0 0.5028072916666666 0.47094444444444444 0.020645833333333384 0.029370370370370342
0 0.5904791666666667 0.6396944444444445 0.030223958333333377 0.04223148148148144
0 0.6807864583333332 0.558212962962963 0.0225833333333334 0.052722222222222274
0 0.7217499999999999 0.5075185185185185 0.021333333333333294 0.0375
0 0.8620468750000001 0.7135185185185186 0.030854166666666672 0.06134259259259262
0 0.9463541666666666 0.46807407407407403 0.022812500000000215 0.0378796296296296
0 0.8837656249999999 0.615111111111111 0.023984375000000214 0.04960185185185174