0 0.04369270833333333 0.38788888888888884 0.014145833333333325 0.03825925925925936
0 0.12802604166666667 0.3711481481481481 0.01502083333333335 0.03234259259259255
0 0.250296875 0.32334259259259257 0.014953124999999989 0.02293518518518517
0 0.323875 0.30495370370370367 0.012031249999999983 0.02166666666666662
0 0.29418229166666665 0.38826851851851846 0.017661458333333345 0.02652777777777781
0 0.34750000000000003 0.4422037037037037 0.022531250000000023 0.04487962962962971
0 0.376375 0.3407037037037037 0.014729166666666682 0.032425925925925886
0 0.41931250000000003 0.4151851851851851 0.018442708333333436 0.040129629629629605
0 0.46708333333333324 0.3073611111111111 0.014374999999999893 0.03183333333333335
0 0.5636822916666666 0.3421851851851852 0.014416666666666522 0.0257222222222222
0 0.5891927083333333 0.5479259259259259 0.03072395833333328 0.044824074074074204
0 0.6700260416666667 0.4488333333333333 0.02393229166666657 0.05123148148148147
0 0.7180364583333334 0.3938425925925926 0.020500000000000008 0.04031481481481478
0 0.8746614583333333 0.6200925925925926 0.03477604166666666 0.0651296296296296
0 0.897609375 0.40761111111111115 0.02878645833333344 0.047796296296296246
0 0.8991770833333333 0.5008611111111111 0.0303958333333334 0.043296296296296236
0 0.936703125 0.35871296296296296 0.025062499999999942 0.036064814814814855