3 0.890625 0.2875 0.0203125 0.04722222222222222
3 0.8109375 0.37083333333333335 0.028125 0.05555555555555555
3 0.76953125 0.2861111111111111 0.0203125 0.030555555555555555
3 0.728125 0.38472222222222224 0.0234375 0.041666666666666664
3 0.68671875 0.4583333333333333 0.0265625 0.05555555555555555
3 0.6828125 0.30277777777777776 0.01875 0.03333333333333333
3 0.60703125 0.45694444444444443 0.025 0.04722222222222222
3 0.52421875 0.45555555555555555 0.0265625 0.041666666666666664
3 0.4546875 0.43194444444444446 0.0203125 0.03888888888888889
3 0.45390625 0.6527777777777778 0.034375 0.07222222222222222
3 0.36015625 0.6111111111111112 0.0359375 0.06666666666666667
3 0.30234375 0.5694444444444444 0.025 0.05
3 0.18046875 0.8597222222222223 0.046875 0.08888888888888889
3 0.1484375 0.7347222222222223 0.0328125 0.06944444444444445
3 0.07890625 0.6236111111111111 0.0296875 0.04722222222222222
3 0.55234375 0.3638888888888889 0.0140625 0.03333333333333333