0 0.93984375 0.5139275766016713 0.0171875 0.03899721448467967
0 0.8609375 0.48885793871866295 0.025 0.03064066852367688
0 0.746875 0.5097493036211699 0.0234375 0.05013927576601671
0 0.725 0.41225626740947074 0.0140625 0.036211699164345405
0 0.67578125 0.47493036211699163 0.0171875 0.025069637883008356
0 0.6171875 0.5236768802228412 0.025 0.052924791086350974
0 0.646875 0.3788300835654596 0.0125 0.03064066852367688
0 0.590625 0.41225626740947074 0.0171875 0.036211699164345405
0 0.534375 0.4818941504178273 0.0203125 0.033426183844011144
0 0.49296875 0.3607242339832869 0.015625 0.027855153203342618
0 0.3953125 0.3732590529247911 0.015625 0.03064066852367688
0 0.46875 0.4275766016713092 0.01875 0.033426183844011144
0 0.3546875 0.5933147632311978 0.0296875 0.06128133704735376
0 0.26171875 0.48746518105849584 0.0296875 0.052924791086350974
0 0.2203125 0.4220055710306407 0.0265625 0.04735376044568245
0 0.0453125 0.6337047353760445 0.0359375 0.07520891364902507
0 0.02421875 0.5097493036211699 0.0328125 0.04735376044568245