3 0.99453125 0.5724233983286908 0.009375 0.03899721448467967
3 0.8984375 0.6114206128133705 0.0265625 0.052924791086350974
3 0.81171875 0.5724233983286908 0.025 0.036211699164345405
3 0.78828125 0.4568245125348189 0.0171875 0.033426183844011144
3 0.7515625 0.6225626740947076 0.0265625 0.0584958217270195
3 0.72734375 0.5041782729805014 0.01875 0.03899721448467967
3 0.62890625 0.43454038997214484 0.015625 0.036211699164345405
3 0.58671875 0.5167130919220055 0.025 0.04178272980501393
3 0.4703125 0.6838440111420613 0.0390625 0.06128133704735376
3 0.1484375 0.7200557103064067 0.0375 0.0807799442896936
3 0.37890625 0.5682451253481894 0.034375 0.06406685236768803
3 0.32578125 0.49025069637883006 0.0296875 0.052924791086350974
3 0.1234375 0.5041782729805014 0.03125 0.055710306406685235
3 0.08828125 0.40668523676880225 0.028125 0.04735376044568245