1 0.015713541666666667 0.4663518518518518 0.012843749999999998 0.038092592592592525
1 0.11828645833333333 0.4487499999999999 0.02236979166666666 0.03044444444444439
1 0.21978124999999998 0.4805462962962963 0.020473958333333275 0.03433333333333337
1 0.2531927083333333 0.4076666666666666 0.016015625 0.02924074074074083
1 0.34623958333333327 0.5066666666666667 0.018515624999999945 0.041231481481481404
1 0.37934375 0.4149351851851852 0.013046874999999947 0.030425925925925888
1 0.4571979166666667 0.46973148148148136 0.015536458333333236 0.03838888888888887
1 0.46863020833333324 0.3787129629629629 0.012437500000000056 0.027490740740740843
1 0.563625 0.41971296296296295 0.01169270833333318 0.021870370370370373
1 0.58575 0.6122777777777777 0.026859375000000085 0.04488888888888896
1 0.6769739583333333 0.514074074074074 0.023901041666666602 0.05172222222222208
1 0.7240520833333333 0.46574074074074073 0.021755208333333265 0.03575000000000001
1 0.8606145833333333 0.6830833333333334 0.028812500000000085 0.06629629629629616
1 0.9025833333333333 0.5885092592592593 0.03469791666666673 0.05799074074074089
1 0.93228125 0.4293981481481481 0.019484375000000043 0.029296296296296338