2 0.9 0.5263888888888889 0.0171875 0.044444444444444446
2 0.8015625 0.47638888888888886 0.0203125 0.044444444444444446
2 0.76484375 0.5319444444444444 0.025 0.05
2 0.68671875 0.3972222222222222 0.0171875 0.03611111111111111
2 0.65234375 0.45416666666666666 0.0203125 0.03888888888888889
2 0.59609375 0.4861111111111111 0.028125 0.05277777777777778
2 0.62734375 0.35 0.0140625 0.030555555555555555
2 0.57265625 0.3736111111111111 0.0203125 0.030555555555555555
2 0.52578125 0.4236111111111111 0.0203125 0.044444444444444446
2 0.49453125 0.3111111111111111 0.0140625 0.03611111111111111
2 0.46171875 0.36527777777777776 0.0203125 0.03611111111111111
2 0.39375 0.30833333333333335 0.0171875 0.03611111111111111
2 0.34609375 0.4861111111111111 0.0359375 0.06666666666666667
2 0.2109375 0.2861111111111111 0.0265625 0.05277777777777778
2 0.06796875 0.48194444444444445 0.0390625 0.08055555555555556
2 0.02734375 0.3388888888888889 0.0359375 0.06666666666666667