2 0.07015104166666666 0.41604629629629625 0.04308333333333334 0.08517592592592599
2 0.1775 0.38958333333333334 0.016874999999999973 0.036555555555555626
2 0.20790104166666667 0.45714814814814814 0.021864583333333344 0.045324074074074065
2 0.30155729166666667 0.3475462962962963 0.01313541666666671 0.033435185185185214
2 0.36592708333333335 0.3278981481481481 0.015374999999999962 0.025185185185185255
2 0.33064583333333336 0.4166759259259259 0.016526041666666647 0.028796296296296316
2 0.3772083333333333 0.47836111111111107 0.024432291666666738 0.04065740740740738
2 0.4135833333333333 0.3699166666666666 0.01338541666666675 0.029574074074074138
2 0.45330729166666667 0.44150925925925927 0.016906250000000077 0.04023148148148152
2 0.49921875 0.3359722222222222 0.012687500000000008 0.03032407407407405
2 0.5239895833333332 0.40078703703703705 0.016911458333333407 0.02971296296296294
2 0.5973072916666666 0.36776851851851844 0.014671874999999978 0.028481481481481472
2 0.6226770833333333 0.5561111111111111 0.026796874999999963 0.055648148148148065
2 0.7048645833333332 0.46647222222222223 0.02647916666666674 0.0566296296296296
2 0.7797395833333333 0.4133703703703704 0.021083333333333343 0.044824074074074044
2 0.9001666666666666 0.6567777777777778 0.032973958333333185 0.06639814814814823
2 0.9423333333333332 0.5252129629629629 0.02692708333333336 0.05318518518518529
2 0.9665052083333332 0.43975000000000003 0.0263541666666665 0.04512037037037039
2 0.9764270833333333 0.38663888888888887 0.026692708333333214 0.032703703703703804