2 0.825 0.3955431754874652 0.0203125 0.04735376044568245
2 0.79140625 0.4623955431754875 0.025 0.052924791086350974
2 0.69609375 0.33565459610027853 0.0171875 0.03899721448467967
2 0.6625 0.4052924791086351 0.0203125 0.04178272980501393
2 0.61015625 0.4582172701949861 0.0234375 0.05013927576601671
2 0.628125 0.3050139275766017 0.015625 0.03064066852367688
2 0.57421875 0.34401114206128136 0.01875 0.03899721448467967
2 0.53125 0.41643454038997213 0.0203125 0.04178272980501393
2 0.48671875 0.2966573816155989 0.015625 0.036211699164345405
2 0.45625 0.362116991643454 0.01875 0.036211699164345405
2 0.38046875 0.3147632311977716 0.0171875 0.04456824512534819
2 0.34375 0.5181058495821727 0.0328125 0.06406685236768803
2 0.25703125 0.40947075208913647 0.0296875 0.06685236768802229
2 0.184375 0.34401114206128136 0.025 0.04735376044568245
2 0.04765625 0.5863509749303621 0.0390625 0.07799442896935933
2 0.94765625 0.435933147632312 0.015625 0.05013927576601671
2 0.009375 0.4401114206128134 0.01875 0.06128133704735376