2 0.10579687499999998 0.3776111111111111 0.012312499999999994 0.04049999999999995
2 0.20804166666666662 0.3655462962962963 0.015817708333333336 0.03910185185185185
2 0.23704687499999996 0.4339351851851851 0.019546874999999984 0.04387962962962967
2 0.32948958333333334 0.33008333333333334 0.013093750000000081 0.0325277777777778
2 0.3560885416666667 0.39878703703703705 0.01732812499999996 0.033138888888888905
2 0.4073645833333333 0.4503981481481481 0.022968749999999937 0.046648148148148195
2 0.39284895833333333 0.3061203703703704 0.01121875000000001 0.02651851851851848
2 0.443359375 0.3498611111111111 0.016906250000000077 0.025935185185185203
2 0.4838697916666666 0.41625 0.016317708333333236 0.0378796296296296
2 0.5277291666666667 0.31705555555555553 0.011010416666666778 0.03138888888888884
2 0.5528593749999999 0.3825648148148148 0.016666666666666607 0.031972222222222194
2 0.6265416666666667 0.3513148148148148 0.01306770833333335 0.03327777777777771
2 0.6523802083333333 0.5436203703703704 0.030182291666666573 0.05597222222222232
2 0.8075312499999999 0.3977685185185185 0.021213541666666648 0.0462685185185186
2 0.9244583333333333 0.6421574074074073 0.03236979166666672 0.0687685185185185
2 0.980859375 0.5173333333333333 0.03016145833333326 0.05737962962962971