0 0.06396874999999999 0.4762129629629629 0.015359374999999998 0.039444444444444414
0 0.14648958333333334 0.46364814814814814 0.01607291666666666 0.03211111111111112
0 0.22499479166666667 0.5055740740740741 0.020786458333333348 0.03643518518518505
0 0.26823437499999997 0.41791666666666666 0.014359374999999997 0.025092592592592666
0 0.3064427083333333 0.4836574074074074 0.015213541666666686 0.031796296296296274
0 0.34005729166666665 0.3996111111111111 0.013921875000000038 0.0205648148148149
0 0.3594635416666666 0.537462962962963 0.021968750000000002 0.04375
0 0.3884322916666666 0.44201851851851853 0.013859374999999919 0.030037037037037036
0 0.4362552083333333 0.5089166666666666 0.01728125000000009 0.041018518518518475
0 0.4827447916666666 0.40795370370370365 0.015083333333333292 0.027879629629629695
0 0.5093020833333333 0.4719907407407407 0.017484374999999906 0.030759259259259233
0 0.5719947916666667 0.43674999999999997 0.014213541666666708 0.03468518518518522
0 0.5958645833333333 0.649287037037037 0.03256250000000005 0.03926851851851865
0 0.6864791666666666 0.560287037037037 0.023697916666666607 0.053175925925926036
0 0.729265625 0.5076574074074074 0.026828125000000112 0.0382407407407407
0 0.8856041666666666 0.7359814814814815 0.03214583333333323 0.06216666666666673
0 0.9085104166666665 0.6158425925925926 0.03278645833333336 0.06302777777777777
0 0.9524322916666665 0.47224074074074074 0.025338541666666714 0.03991666666666668