3 0.10960937499999998 0.4487499999999999 0.016083333333333318 0.036314814814814786
3 0.19799479166666664 0.49884259259259256 0.019645833333333362 0.04158333333333341
3 0.22141666666666665 0.4014814814814815 0.01388020833333332 0.03479629629629639
3 0.27501041666666665 0.4758333333333333 0.02133333333333338 0.030462962962963046
3 0.32329166666666664 0.5251851851851852 0.021484375 0.0429907407407408
3 0.34396875 0.42349999999999993 0.014052083333333344 0.03139814814814817
3 0.40253125 0.4860740740740741 0.01852604166666665 0.04221296296296294
3 0.436171875 0.3874537037037037 0.013046875000000036 0.0319907407407407
3 0.5322083333333333 0.408037037037037 0.01257812499999993 0.03280555555555556
3 0.5639218749999999 0.6149629629629629 0.02747916666666672 0.0507592592592592
3 0.6350520833333333 0.5345370370370369 0.031062499999999993 0.05507407407407404
3 0.7121718749999999 0.45658333333333334 0.019296875000000036 0.046212962962962935
3 0.8399999999999999 0.6900833333333332 0.029588541666666756 0.06659259259259258
3 0.8834375 0.5617685185185185 0.02802083333333343 0.0533333333333333
3 0.8872291666666665 0.4788148148148148 0.021583333333333243 0.03862962962962971