0 0.94921875 0.5013888888888889 0.0140625 0.03888888888888889
0 0.86640625 0.4791666666666667 0.0171875 0.03611111111111111
0 0.765625 0.5125 0.0234375 0.03888888888888889
0 0.74453125 0.425 0.0140625 0.025
0 0.7015625 0.4930555555555556 0.01875 0.03333333333333333
0 0.65234375 0.5361111111111111 0.021875 0.05
0 0.67734375 0.3972222222222222 0.0109375 0.027777777777777776
0 0.6234375 0.44027777777777777 0.015625 0.030555555555555555
0 0.57265625 0.5 0.0203125 0.03611111111111111
0 0.5296875 0.4 0.0171875 0.027777777777777776
0 0.50703125 0.4638888888888889 0.0171875 0.03333333333333333
0 0.43984375 0.42083333333333334 0.0140625 0.030555555555555555
0 0.4125 0.625 0.0328125 0.03888888888888889
0 0.32109375 0.5361111111111111 0.025 0.058333333333333334
0 0.13515625 0.6777777777777778 0.034375 0.06666666666666667
0 0.28125 0.48194444444444445 0.0265625 0.044444444444444446
0 0.06171875 0.43194444444444446 0.021875 0.03611111111111111
0 0.1109375 0.5819444444444445 0.028125 0.06388888888888888