0 0.049 0.4416296296296296 0.013442708333333336 0.03561111111111109
0 0.13400520833333335 0.4263703703703704 0.014359374999999997 0.03299999999999999
0 0.2150677083333333 0.4695462962962963 0.017697916666666647 0.03888888888888889
0 0.25529166666666664 0.3884351851851851 0.013656250000000014 0.028629629629629644
0 0.3472708333333333 0.504175925925926 0.018901041666666618 0.05151851851851856
0 0.32682291666666663 0.36433333333333334 0.011619791666666667 0.027083333333333334
0 0.37875000000000003 0.40604629629629624 0.013927083333333368 0.02562037037037028
0 0.42604687499999994 0.4736296296296296 0.018421874999999942 0.03611111111111111
0 0.47270312499999995 0.3729166666666667 0.014250000000000007 0.025759259259259357
0 0.48970312499999996 0.44184259259259256 0.016750000000000043 0.0283148148148148
0 0.5615104166666666 0.4023703703703703 0.013328125000000135 0.027814814814814782
0 0.58640625 0.6196944444444443 0.026484374999999893 0.044361111111111184
0 0.6771145833333333 0.5273611111111111 0.025661458333333265 0.04625925925925935
0 0.7194531249999999 0.4769999999999999 0.021421875000000055 0.04129629629629632
0 0.8719531249999999 0.6959722222222222 0.03409895833333323 0.06566666666666679
0 0.8962760416666665 0.5960185185185185 0.03132812499999993 0.0492592592592593
0 0.9398333333333333 0.4404814814814815 0.024911458333333414 0.03681481481481481
0 0.9066770833333333 0.5086759259259259 0.027546874999999815 0.026851851851851904