0 0.05022916666666666 0.3844907407407407 0.014828124999999992 0.042129629629629683
0 0.13674999999999998 0.3720277777777778 0.01472395833333331 0.03404629629629628
0 0.2215208333333333 0.41868518518518516 0.019473958333333298 0.04390740740740742
0 0.25635416666666666 0.3283425925925926 0.014463541666666658 0.023388888888888855
0 0.2992708333333333 0.39117592592592587 0.01672916666666664 0.02948148148148151
0 0.3522395833333333 0.4463055555555555 0.021958333333333347 0.051351851851851885
0 0.381640625 0.3463981481481481 0.015078125000000053 0.0325277777777778
0 0.4266458333333333 0.4259537037037036 0.019302083333333366 0.03723148148148157
0 0.47372395833333325 0.3176851851851852 0.014921875000000107 0.02806481481481479
0 0.5682499999999999 0.35379629629629633 0.012630208333333393 0.025518518518518482
0 0.5934062499999999 0.559037037037037 0.02797395833333329 0.04762962962962973
0 0.6757760416666667 0.4631296296296296 0.02678124999999998 0.051092592592592544
0 0.7220364583333333 0.4085185185185185 0.020692708333333344 0.038749999999999965
0 0.8788854166666666 0.6476574074074074 0.03126041666666666 0.058768518518518595
0 0.9044687499999998 0.5240185185185186 0.029880208333333158 0.03817592592592594
0 0.9024322916666666 0.4348055555555555 0.030625000000000215 0.04697222222222229
0 0.94146875 0.37861111111111106 0.022979166666666728 0.03837962962962962