0 0.049916666666666665 0.46370370370370373 0.013885416666666667 0.039722222222222256
0 0.1331770833333333 0.4479814814814814 0.015135416666666669 0.03173148148148152
0 0.23588541666666663 0.48921296296296296 0.021401041666666655 0.04162037037037041
0 0.24908854166666666 0.4031018518518519 0.01885416666666666 0.025759259259259357
0 0.32546354166666663 0.38066666666666665 0.01029687499999996 0.02817592592592588
0 0.29915624999999996 0.4725740740740741 0.02055208333333338 0.03527777777777775
0 0.34754166666666664 0.5201018518518519 0.025276041666666683 0.04764814814814823
0 0.37774479166666663 0.42581481481481476 0.015010416666666604 0.03186111111111103
0 0.42595312500000004 0.4906018518518519 0.019588541666666615 0.04404629629629634
0 0.47137499999999993 0.39712962962962955 0.014541666666666763 0.02946296296296301
0 0.5599739583333333 0.423037037037037 0.0132083333333334 0.03437962962962963
0 0.5849114583333332 0.6164166666666666 0.02762499999999992 0.03666666666666663
0 0.674625 0.5440462962962963 0.024354166666666722 0.0561944444444445
0 0.8576510416666666 0.7030648148148148 0.029401041666666572 0.06247222222222225
0 0.7164010416666666 0.4925648148148148 0.023848958333333316 0.03928703703703699
0 0.9384062499999999 0.4600185185185185 0.022374999999999902 0.03553703703703708
0 0.8979583333333332 0.5210555555555555 0.02554166666666653 0.03435185185185172
0 0.8844583333333332 0.6070555555555556 0.027989583333333103 0.05399999999999999
0 0.4971875 0.459111111111111 0.0187135416666667 0.031324074074074164