1 0.0953125 0.4373259052924791 0.025 0.04456824512534819
1 0.2140625 0.49442896935933145 0.025 0.052924791086350974
1 0.25625 0.4220055710306407 0.0171875 0.03899721448467967
1 0.34609375 0.5682451253481894 0.03125 0.0584958217270195
1 0.328125 0.41643454038997213 0.0171875 0.03064066852367688
1 0.38515625 0.47075208913649025 0.01875 0.04178272980501393
1 0.46484375 0.5543175487465181 0.021875 0.04735376044568245
1 0.49453125 0.45403899721448465 0.01875 0.03899721448467967
1 0.51796875 0.5376044568245125 0.0234375 0.04178272980501393
1 0.59140625 0.5264623955431755 0.0140625 0.033426183844011144
1 0.609375 0.7506963788300836 0.03125 0.06685236768802229
1 0.71328125 0.66991643454039 0.03125 0.06685236768802229
1 0.7625 0.6295264623955432 0.0265625 0.055710306406685235
1 0.9578125 0.8189415041782729 0.0421875 0.07799442896935933
1 0.9640625 0.7256267409470752 0.0375 0.04456824512534819