3 0.9546875 0.5668523676880223 0.01875 0.04456824512534819
3 0.86875 0.5139275766016713 0.021875 0.03899721448467967
3 0.784375 0.5459610027855153 0.025 0.04456824512534819
3 0.7546875 0.45125348189415043 0.0171875 0.036211699164345405
3 0.69921875 0.5 0.0203125 0.03899721448467967
3 0.64375 0.5431754874651811 0.0234375 0.05013927576601671
3 0.62421875 0.4233983286908078 0.0171875 0.03899721448467967
3 0.571875 0.4832869080779944 0.025 0.04178272980501393
3 0.534375 0.36908077994428967 0.0171875 0.033426183844011144
3 0.49375 0.4331476323119777 0.01875 0.036211699164345405
3 0.440625 0.362116991643454 0.0171875 0.036211699164345405
3 0.3921875 0.5668523676880223 0.0296875 0.0584958217270195
3 0.3 0.4610027855153203 0.028125 0.0584958217270195
3 0.25078125 0.36768802228412256 0.028125 0.05013927576601671
3 0.1015625 0.575208913649025 0.0390625 0.07242339832869081
3 0.059375 0.435933147632312 0.03125 0.06128133704735376
3 0.06015625 0.34818941504178275 0.0265625 0.04456824512534819