3 0.20625 0.5 0.0203125 0.04178272980501393
3 0.2375 0.4025069637883008 0.0140625 0.033426183844011144
3 0.31015625 0.3871866295264624 0.0140625 0.027855153203342618
3 0.2890625 0.4860724233983287 0.01875 0.033426183844011144
3 0.3328125 0.5362116991643454 0.0203125 0.04735376044568245
3 0.38046875 0.43175487465181056 0.015625 0.03064066852367688
3 0.41015625 0.5083565459610028 0.01875 0.03899721448467967
3 0.4578125 0.39415041782729804 0.0140625 0.03064066852367688
3 0.5515625 0.42618384401114207 0.0140625 0.033426183844011144
3 0.5796875 0.6406685236768802 0.0265625 0.052924791086350974
3 0.6734375 0.5571030640668524 0.0234375 0.05013927576601671
3 0.746875 0.48885793871866295 0.021875 0.03899721448467967
3 0.8484375 0.7353760445682451 0.034375 0.0584958217270195
3 0.90859375 0.6058495821727019 0.0296875 0.055710306406685235
3 0.921875 0.5139275766016713 0.0265625 0.04735376044568245