0 0.96640625 0.4735376044568245 0.01875 0.04456824512534819
0 0.8828125 0.4428969359331476 0.015625 0.036211699164345405
0 0.78359375 0.46657381615598886 0.0203125 0.04456824512534819
0 0.76328125 0.3774373259052925 0.0140625 0.03064066852367688
0 0.715625 0.43175487465181056 0.01875 0.027855153203342618
0 0.6890625 0.3412256267409471 0.0125 0.027855153203342618
0 0.6578125 0.4777158774373259 0.0265625 0.04735376044568245
0 0.63359375 0.36768802228412256 0.0171875 0.033426183844011144
0 0.58515625 0.4373259052924791 0.0203125 0.03899721448467967
0 0.54609375 0.3203342618384401 0.015625 0.033426183844011144
0 0.44765625 0.34401114206128136 0.0125 0.022284122562674095
0 0.4125 0.5334261838440112 0.028125 0.05013927576601671
0 0.33203125 0.43454038997214484 0.028125 0.055710306406685235
0 0.28984375 0.37604456824512533 0.0234375 0.04178272980501393
0 0.125 0.5668523676880223 0.034375 0.06685236768802229
0 0.10078125 0.44986072423398327 0.034375 0.04735376044568245
0 0.12109375 0.3802228412256267 0.03125 0.04735376044568245
0 0.07265625 0.2966573816155989 0.0265625 0.04456824512534819