2 0.92109375 0.5416666666666666 0.0234375 0.05277777777777778
2 0.8796875 0.5902777777777778 0.0296875 0.05555555555555555
2 0.78671875 0.44166666666666665 0.01875 0.03888888888888889
2 0.746875 0.5152777777777777 0.025 0.044444444444444446
2 0.6921875 0.5583333333333333 0.0296875 0.06111111111111111
2 0.7234375 0.4083333333333333 0.0203125 0.03611111111111111
2 0.6625 0.43472222222222223 0.0203125 0.041666666666666664
2 0.6078125 0.48194444444444445 0.0234375 0.04722222222222222
2 0.5734375 0.36944444444444446 0.01875 0.03611111111111111
2 0.53984375 0.4305555555555556 0.0234375 0.04722222222222222
2 0.4640625 0.36527777777777776 0.0203125 0.044444444444444446
2 0.41796875 0.5680555555555555 0.0359375 0.07222222222222222
2 0.3375 0.45 0.034375 0.075
2 0.2609375 0.3611111111111111 0.028125 0.05277777777777778
2 0.10625 0.5875 0.0421875 0.08888888888888889
2 0.06796875 0.4222222222222222 0.034375 0.07222222222222222
2 0.05546875 0.325 0.0296875 0.05
2 0.04609375 0.2652777777777778 0.03125 0.041666666666666664