1 0.06015625 0.24722222222222223 0.0203125 0.044444444444444446
1 0.16015625 0.2763888888888889 0.0265625 0.041666666666666664
1 0.26171875 0.3611111111111111 0.0234375 0.05
1 0.31328125 0.46944444444444444 0.0296875 0.05555555555555555
1 0.30625 0.2986111111111111 0.021875 0.03888888888888889
1 0.37109375 0.4166666666666667 0.0171875 0.03333333333333333
1 0.3890625 0.31805555555555554 0.0171875 0.030555555555555555
1 0.46640625 0.46111111111111114 0.021875 0.044444444444444446
1 0.52265625 0.39166666666666666 0.01875 0.03333333333333333
1 0.53828125 0.4666666666666667 0.0234375 0.041666666666666664
1 0.61015625 0.4736111111111111 0.015625 0.03333333333333333
1 0.60703125 0.6777777777777778 0.034375 0.06388888888888888
1 0.71328125 0.6222222222222222 0.0359375 0.06944444444444445
1 0.759375 0.6138888888888889 0.0296875 0.05277777777777778
1 0.934375 0.7527777777777778 0.0359375 0.058333333333333334