3 0.11859895833333334 0.4503611111111111 0.013588541666666653 0.037898148148148104
3 0.2055052083333333 0.48470370370370375 0.018177083333333323 0.0470648148148148
3 0.22994791666666664 0.3960555555555555 0.013072916666666679 0.03520370370370374
3 0.32984374999999994 0.5175925925925925 0.019140625 0.04340740740740756
3 0.4066770833333333 0.4789814814814814 0.019291666666666662 0.036703703703703794
3 0.35834374999999996 0.4134537037037036 0.015177083333333386 0.033611111111111015
3 0.30785416666666665 0.3831574074074074 0.01190104166666659 0.020046296296296222
3 0.4529791666666666 0.37817592592592586 0.014187500000000065 0.029675925925925935
3 0.5727708333333333 0.603287037037037 0.028260416666666722 0.05286111111111103
3 0.6528645833333333 0.5230833333333332 0.02538020833333334 0.049157407407407386
3 0.7211927083333334 0.4481481481481481 0.021500000000000165 0.04425000000000002
3 0.846703125 0.6873333333333334 0.03108333333333313 0.06686111111111118
3 0.8858333333333333 0.5572222222222222 0.021932291666666614 0.054750000000000104
3 0.906078125 0.4742592592592593 0.023489583333333286 0.04292592592592589
3 0.9153177083333333 0.4175833333333333 0.028744791666666814 0.020981481481481504
3 0.2861041666666667 0.47028703703703706 0.018635416666666682 0.03367592592592593