2 0.12446874999999999 0.3941666666666666 0.012223958333333318 0.037009259259259235
2 0.20758854166666665 0.3757222222222222 0.014796874999999954 0.029287037037037087
2 0.28373958333333327 0.418787037037037 0.01902604166666668 0.037601851851851914
2 0.33120833333333327 0.33094444444444443 0.01225520833333329 0.028870370370370324
2 0.3602864583333333 0.40627777777777774 0.015031249999999918 0.03352777777777776
2 0.39166666666666666 0.3136851851851851 0.010906250000000029 0.027629629629629684
2 0.404859375 0.45910185185185176 0.020218749999999952 0.04380555555555566
2 0.4405520833333333 0.35658333333333336 0.014958333333333407 0.032962962962962986
2 0.524734375 0.3241111111111111 0.011031250000000093 0.027481481481481437
2 0.48107291666666663 0.42745370370370367 0.01537500000000005 0.03752777777777775
2 0.5568229166666666 0.37436111111111103 0.015354166666666735 0.03058333333333331
2 0.6249114583333333 0.3504259259259259 0.013218750000000057 0.028277777777777718
2 0.6494166666666666 0.5465925925925926 0.02559374999999999 0.050027777777777754
2 0.733234375 0.4842407407407407 0.023843750000000163 0.05212962962962959
2 0.78759375 0.397074074074074 0.020291666666666687 0.045092592592592635
2 0.9162708333333333 0.6447777777777778 0.030953124999999915 0.06712037037037043
2 0.9789791666666666 0.518898148148148 0.030802083333333386 0.053138888888889034