0 0.96171875 0.4986111111111111 0.015625 0.041666666666666664
0 0.87734375 0.46805555555555556 0.01875 0.03611111111111111
0 0.7765625 0.49166666666666664 0.021875 0.044444444444444446
0 0.7578125 0.39861111111111114 0.0140625 0.030555555555555555
0 0.65234375 0.5013888888888889 0.025 0.05277777777777778
0 0.57734375 0.46111111111111114 0.021875 0.044444444444444446
0 0.628125 0.39861111111111114 0.0171875 0.03611111111111111
0 0.6828125 0.35833333333333334 0.0140625 0.030555555555555555
0 0.53828125 0.34444444444444444 0.015625 0.03333333333333333
0 0.509375 0.4125 0.01875 0.03888888888888889
0 0.43828125 0.36944444444444446 0.0140625 0.025
0 0.403125 0.5805555555555556 0.03125 0.04722222222222222
0 0.3171875 0.4625 0.028125 0.05277777777777778
0 0.28046875 0.4013888888888889 0.021875 0.044444444444444446
0 0.05859375 0.3194444444444444 0.025 0.041666666666666664
0 0.08984375 0.4777777777777778 0.0328125 0.05277777777777778
0 0.11484375 0.5958333333333333 0.0375 0.06944444444444445