2 0.1078125 0.18523676880222842 0.0203125 0.04456824512534819
2 0.2 0.19637883008356546 0.0203125 0.03899721448467967
2 0.24921875 0.28133704735376047 0.025 0.055710306406685235
2 0.3359375 0.20334261838440112 0.0171875 0.03899721448467967
2 0.36015625 0.29108635097493035 0.0234375 0.036211699164345405
2 0.4046875 0.37047353760445684 0.0265625 0.052924791086350974
2 0.40703125 0.2075208913649025 0.015625 0.036211699164345405
2 0.45546875 0.27298050139275765 0.0203125 0.04735376044568245
2 0.490625 0.36629526462395545 0.021875 0.05013927576601671
2 0.54921875 0.27298050139275765 0.015625 0.036211699164345405
2 0.571875 0.3565459610027855 0.0234375 0.03899721448467967
2 0.653125 0.34818941504178275 0.0171875 0.04178272980501393
2 0.65703125 0.5598885793871866 0.0359375 0.07242339832869081
2 0.7515625 0.5292479108635098 0.0328125 0.06685236768802229
2 0.821875 0.47075208913649025 0.0296875 0.055710306406685235
2 0.9296875 0.7799442896935933 0.04375 0.08635097493036212