1 0.10703125 0.6111111111111112 0.021875 0.03333333333333333
1 0.2171875 0.6305555555555555 0.0203125 0.04722222222222222
1 0.24609375 0.55 0.015625 0.03333333333333333
1 0.35 0.6430555555555556 0.021875 0.05
1 0.38125 0.5402777777777777 0.0171875 0.03611111111111111
1 0.46328125 0.5847222222222223 0.01875 0.041666666666666664
1 0.475 0.4930555555555556 0.015625 0.03333333333333333
1 0.5078125 0.5513888888888889 0.0203125 0.03888888888888889
1 0.575 0.5138888888888888 0.0125 0.03333333333333333
1 0.690625 0.6055555555555555 0.0296875 0.06111111111111111
1 0.740625 0.5513888888888889 0.025 0.05277777777777778
1 0.89609375 0.7680555555555556 0.034375 0.08055555555555556
1 0.934375 0.6527777777777778 0.034375 0.06666666666666667
1 0.93125 0.5666666666666667 0.03125 0.044444444444444446
1 0.9609375 0.4875 0.025 0.041666666666666664