3 0.934375 0.266016713091922 0.0203125 0.04178272980501393
3 0.8453125 0.2841225626740947 0.0234375 0.04456824512534819
3 0.76640625 0.37186629526462395 0.028125 0.05013927576601671
3 0.684375 0.3871866295264624 0.025 0.04178272980501393
3 0.64765625 0.467966573816156 0.0296875 0.055710306406685235
3 0.5953125 0.3732590529247911 0.0203125 0.03899721448467967
3 0.5609375 0.4610027855153203 0.0265625 0.05013927576601671
3 0.50625 0.3774373259052925 0.01875 0.036211699164345405
3 0.41640625 0.6643454038997214 0.0375 0.06128133704735376
3 0.3375 0.6350974930362117 0.0328125 0.052924791086350974
3 0.24609375 0.5793871866295265 0.028125 0.055710306406685235
3 0.14921875 0.8816155988857939 0.040625 0.07520891364902507
3 0.06640625 0.7632311977715878 0.0390625 0.06963788300835655
3 0.04765625 0.6504178272980501 0.028125 0.04735376044568245