0 0.05133854166666666 0.4730555555555555 0.01401041666666667 0.03848148148148138
0 0.13404687499999998 0.45615740740740734 0.016255208333333337 0.03481481481481489
0 0.23433854166666665 0.4964629629629629 0.022755208333333332 0.03869444444444446
0 0.2571927083333333 0.4097962962962962 0.01360416666666664 0.02451851851851848
0 0.29851041666666667 0.4800648148148148 0.017744791666666603 0.03113888888888899
0 0.34738541666666667 0.5265462962962962 0.021140624999999958 0.049546296296296234
0 0.32503125 0.38599999999999995 0.010614583333333361 0.028370370370370306
0 0.378046875 0.4325462962962962 0.015432291666666754 0.02912037037037041
0 0.4274895833333333 0.49609259259259253 0.019645833333333407 0.03531481481481491
0 0.4724270833333333 0.3986666666666666 0.016421874999999985 0.026083333333333295
0 0.4937447916666667 0.46319444444444446 0.01728645833333342 0.03189814814814819
0 0.5615260416666666 0.424537037037037 0.013609375000000057 0.028898148148148235
0 0.5851822916666667 0.6299351851851852 0.031885416666666624 0.03789814814814826
0 0.6778020833333334 0.5473796296296296 0.024515625000000086 0.05665740740740751
0 0.8608645833333333 0.700675925925926 0.03340104166666684 0.06411111111111115
0 0.7188854166666666 0.4949444444444444 0.024989583333333343 0.041675925925925915
0 0.9394635416666667 0.4588055555555555 0.020749999999999956 0.035879629629629685
0 0.8873541666666667 0.6064814814814814 0.027713541666666685 0.06149074074074087