0 0.05350520833333333 0.44169444444444445 0.013468749999999984 0.037453703703703746
0 0.13748958333333333 0.42373148148148143 0.016541666666666677 0.037537037037037
0 0.219 0.47077777777777774 0.01945833333333331 0.04247222222222228
0 0.2594270833333333 0.38725925925925925 0.012541666666666718 0.029731481481481442
0 0.3006145833333333 0.44918518518518513 0.020177083333333366 0.029018518518518496
0 0.35254166666666664 0.49991666666666656 0.01902604166666668 0.05149074074074065
0 0.3315833333333333 0.36313888888888884 0.01577604166666662 0.02973148148148148
0 0.38268749999999996 0.40350925925925923 0.015109375000000026 0.03329629629629633
0 0.428171875 0.47291666666666665 0.018588541666666635 0.04501851851851847
0 0.4752656249999999 0.3710555555555555 0.014812500000000029 0.03313888888888887
0 0.5649635416666666 0.40150925925925923 0.013864583333333336 0.028787037037037066
0 0.5012135416666667 0.4358888888888889 0.02018229166666661 0.031324074074074164
0 0.5901979166666667 0.6033055555555555 0.025281249999999922 0.04719444444444447
0 0.6807916666666666 0.519787037037037 0.02559374999999999 0.051601851851851815
0 0.87953125 0.6886574074074073 0.03129687499999996 0.0660740740740739
0 0.9029166666666665 0.5762129629629629 0.03113541666666677 0.048009259259259175
0 0.9441041666666667 0.43453703703703705 0.023520833333333258 0.03618518518518528
0 0.7238020833333334 0.4728333333333333 0.022645833333333344 0.040833333333333305
0 0.9066354166666667 0.5007592592592592 0.023072916666666644 0.022814814814814906