0 0.9765625 0.27298050139275765 0.01875 0.04735376044568245
0 0.89765625 0.3008356545961003 0.028125 0.04456824512534819
0 0.790625 0.38857938718662954 0.028125 0.055710306406685235
0 0.7484375 0.3147632311977716 0.0203125 0.03899721448467967
0 0.71484375 0.3997214484679666 0.0203125 0.036211699164345405
0 0.66640625 0.48467966573816157 0.0296875 0.0584958217270195
0 0.66640625 0.32729805013927576 0.0171875 0.033426183844011144
0 0.61953125 0.39136490250696376 0.0203125 0.04178272980501393
0 0.57890625 0.49303621169916434 0.0234375 0.04178272980501393
0 0.515625 0.403899721448468 0.01875 0.03064066852367688
0 0.5046875 0.48467966573816157 0.0234375 0.03899721448467967
0 0.42578125 0.4777158774373259 0.0171875 0.033426183844011144
0 0.42734375 0.713091922005571 0.0375 0.06963788300835655
0 0.3203125 0.66991643454039 0.03125 0.0584958217270195
0 0.26796875 0.6323119777158774 0.0296875 0.05013927576601671
0 0.1375 0.9387186629526463 0.04375 0.08356545961002786
0 0.0953125 0.8328690807799443 0.0390625 0.0584958217270195
0 0.0296875 0.6963788300835655 0.0328125 0.052924791086350974