1 0.03280729166666667 0.5814999999999999 0.01589583333333333 0.04672222222222221
1 0.126921875 0.5741388888888889 0.02160416666666669 0.029759259259259353
1 0.24784895833333334 0.6053055555555555 0.021713541666666725 0.045731481481481574
1 0.296140625 0.6724999999999999 0.022807291666666618 0.05051851851851852
1 0.2679322916666666 0.5235925925925926 0.013750000000000017 0.03309259259259265
1 0.34449479166666663 0.5991666666666666 0.01410416666666663 0.036296296296296285
1 0.33215625 0.5078148148148148 0.014067708333333328 0.025601851851851935
1 0.38796354166666663 0.5443333333333332 0.012807291666666654 0.032962962962962826
1 0.4502604166666666 0.5983981481481481 0.01661979166666665 0.0360185185185186
1 0.5064739583333333 0.5761944444444443 0.018421874999999942 0.033444444444444346
1 0.6009791666666666 0.7460185185185185 0.02595833333333335 0.0550555555555557
1 0.4798385416666666 0.5113888888888888 0.013729166666666615 0.02854629629629623
1 0.5708020833333334 0.5515185185185185 0.010161458333333507 0.03100925925925932
1 0.6861302083333333 0.6481203703703703 0.025437500000000134 0.05643518518518517
1 0.72825 0.6105833333333333 0.024208333333333342 0.04609259259259251
1 0.8955520833333332 0.7264907407407406 0.02843750000000007 0.06123148148148137
1 0.9502135416666666 0.5797037037037037 0.022494791666666812 0.038351851851851866