3 0.03961458333333333 0.463074074074074 0.016281250000000004 0.03918518518518523
3 0.12640625 0.4423796296296296 0.018213541666666666 0.03479629629629639
3 0.21089583333333334 0.4948148148148148 0.02297916666666666 0.0462870370370371
3 0.24430729166666665 0.4185833333333333 0.01633854166666664 0.02822222222222229
3 0.2938802083333333 0.4736018518518519 0.01981770833333334 0.032314814814814796
3 0.33653645833333334 0.536787037037037 0.02059375000000001 0.036324074074074036
3 0.3726979166666667 0.421074074074074 0.015713541666666674 0.03137962962962967
3 0.426734375 0.4802777777777778 0.020119791666666664 0.04203703703703702
3 0.46156770833333327 0.3918796296296296 0.01540625000000002 0.03345370370370375
3 0.4887604166666666 0.48550925925925925 0.019895833333333356 0.03400000000000002
3 0.5763020833333333 0.6231388888888888 0.02635416666666668 0.05063888888888894
3 0.6614375 0.5425185185185184 0.025515624999999886 0.0543796296296296
3 0.7300260416666667 0.4734907407407407 0.02184375000000003 0.04603703703703701
3 0.8538333333333332 0.7147685185185185 0.03057291666666657 0.0663333333333334
3 0.9091875 0.5558796296296297 0.0305416666666666 0.06667592592592592
3 0.9274947916666665 0.45248148148148143 0.028390625000000114 0.033833333333333354