3 0.13671875 0.45125348189415043 0.025 0.04456824512534819
3 0.178125 0.35097493036211697 0.0203125 0.036211699164345405
3 0.23125 0.4373259052924791 0.0203125 0.033426183844011144
3 0.284375 0.5069637883008357 0.0296875 0.052924791086350974
3 0.26484375 0.35236768802228413 0.01875 0.025069637883008356
3 0.31640625 0.3983286908077994 0.0203125 0.033426183844011144
3 0.3671875 0.4777158774373259 0.025 0.04456824512534819
3 0.421875 0.3732590529247911 0.01875 0.033426183844011144
3 0.44765625 0.4972144846796657 0.021875 0.033426183844011144
3 0.521875 0.40947075208913647 0.0140625 0.036211699164345405
3 0.546875 0.6462395543175488 0.0328125 0.055710306406685235
3 0.65078125 0.5793871866295265 0.034375 0.06128133704735376
3 0.7234375 0.5013927576601671 0.028125 0.052924791086350974
3 0.85234375 0.7966573816155988 0.0390625 0.0807799442896936
3 0.9109375 0.6713091922005571 0.028125 0.055710306406685235
3 0.93125 0.564066852367688 0.0296875 0.05013927576601671