3 0.19578124999999996 0.48364814814814816 0.02980208333333334 0.05358333333333323
3 0.32185416666666666 0.5066203703703703 0.029125000000000068 0.05644444444444442
3 0.3045 0.3586481481481481 0.01938020833333338 0.04138888888888895
3 0.43016145833333325 0.4630925925925925 0.0253541666666667 0.052268518518518506
3 0.450796875 0.36594444444444446 0.017244791666666613 0.033537037037037046
3 0.4719895833333333 0.43390740740740735 0.02311458333333345 0.043500000000000066
3 0.5400677083333333 0.40294444444444444 0.015088541666666622 0.03037037037037038
3 0.5636979166666667 0.5988425925925925 0.031760416666666735 0.04693518518518529
3 0.6489739583333333 0.49895370370370373 0.024479166666666607 0.059888888888888894
3 0.8337708333333331 0.6726944444444444 0.031729166666666586 0.05886111111111111
3 0.8918229166666667 0.4717037037037036 0.028718749999999814 0.044861111111111046
3 0.906453125 0.4059351851851852 0.024151041666666727 0.0393333333333334