0 0.047921875 0.4442407407407407 0.01484375 0.03842592592592587
0 0.13252083333333334 0.432324074074074 0.015229166666666672 0.03099074074074082
0 0.21420312499999997 0.47402777777777777 0.019020833333333355 0.03912037037037048
0 0.254578125 0.39152777777777775 0.013218749999999968 0.030425925925925888
0 0.3474375 0.5091666666666667 0.02162499999999996 0.046888888888889035
0 0.3277864583333333 0.3703333333333333 0.010187499999999971 0.02676851851851849
0 0.377484375 0.4111481481481481 0.014057291666666671 0.028398148148148058
0 0.4271197916666667 0.4811203703703703 0.01751041666666655 0.032055555555555455
0 0.47166145833333334 0.3774907407407407 0.01303125000000005 0.026361111111111137
0 0.4893437499999999 0.4454259259259259 0.01662499999999998 0.026722222222222234
0 0.5600729166666666 0.4071388888888889 0.013614583333333208 0.028814814814814817
0 0.5869843749999999 0.6203703703703703 0.027953124999999978 0.0485185185185186
0 0.6758645833333333 0.5293796296296296 0.025786458333333505 0.05122222222222222
0 0.7180833333333333 0.4811944444444445 0.020937499999999963 0.040342592592592534
0 0.8681197916666665 0.6974907407407407 0.030187499999999902 0.06599999999999998
0 0.8949010416666667 0.5898611111111111 0.027197916666666443 0.04562962962962966
0 0.9250260416666667 0.5185 0.026718750000000215 0.038814814814814885
0 0.938515625 0.4449722222222222 0.0243541666666669 0.0342037037037037