1 0.98046875 0.31058495821727017 0.0203125 0.03899721448467967
1 0.8734375 0.3871866295264624 0.0234375 0.055710306406685235
1 0.8265625 0.31754874651810583 0.0203125 0.036211699164345405
1 0.73203125 0.46657381615598886 0.03125 0.06128133704735376
1 0.68046875 0.36908077994428967 0.0203125 0.04456824512534819
1 0.603125 0.46518105849582175 0.021875 0.04735376044568245
1 0.5765625 0.36768802228412256 0.01875 0.03899721448467967
1 0.47578125 0.4456824512534819 0.015625 0.027855153203342618
1 0.4734375 0.6782729805013927 0.034375 0.06128133704735376
1 0.35859375 0.5988857938718662 0.034375 0.06685236768802229
1 0.30078125 0.564066852367688 0.03125 0.052924791086350974
1 0.175 0.8704735376044568 0.04375 0.08356545961002786
1 0.11484375 0.7674094707520891 0.04375 0.07799442896935933
1 0.06484375 0.6058495821727019 0.03125 0.04735376044568245