2 0.05863020833333332 0.4056574074074074 0.013812500000000005 0.03714814814814815
2 0.1699375 0.3881759259259259 0.016838541666666672 0.04222222222222219
2 0.20251041666666664 0.44309259259259254 0.022322916666666682 0.04434259259259253
2 0.29789583333333336 0.33767592592592593 0.014213541666666617 0.029935185185185197
2 0.326390625 0.41370370370370374 0.019750000000000066 0.03379629629629635
2 0.3715 0.4663148148148148 0.021713541666666725 0.04969444444444441
2 0.35683333333333334 0.3257222222222222 0.015078125000000053 0.02922222222222217
2 0.4085729166666667 0.36549999999999994 0.015557291666666551 0.033351851851851834
2 0.45262499999999994 0.4227314814814815 0.01715625000000003 0.03778703703703709
2 0.49299479166666665 0.3324074074074074 0.014526041666666777 0.029620370370370352
2 0.5175520833333334 0.39549074074074075 0.018307291666666715 0.037009259259259235
2 0.5904791666666667 0.35968518518518516 0.014953125000000077 0.03586111111111114
2 0.6136197916666667 0.5513333333333333 0.026729166666666693 0.05845370370370375
2 0.695640625 0.4694537037037037 0.02502604166666682 0.059888888888888894
2 0.7712916666666667 0.4117222222222222 0.02123437500000005 0.041916666666666595
2 0.8884218749999999 0.6553611111111111 0.0311770833333334 0.07083333333333333
2 0.9365364583333333 0.5196203703703703 0.025937500000000214 0.05805555555555565
2 0.9559739583333332 0.43639814814814815 0.024062499999999785 0.03794444444444452
2 0.9694947916666667 0.3870462962962962 0.025729166666666713 0.030944444444444406