2 0.06328125 0.32222222222222224 0.05 0.09722222222222222
2 0.1734375 0.3194444444444444 0.0203125 0.041666666666666664
2 0.2 0.39444444444444443 0.025 0.05
2 0.30234375 0.30416666666666664 0.015625 0.03611111111111111
2 0.36875 0.2986111111111111 0.0171875 0.027777777777777776
2 0.32734375 0.38055555555555554 0.01875 0.03333333333333333
2 0.36953125 0.4527777777777778 0.028125 0.04722222222222222
2 0.4140625 0.35138888888888886 0.015625 0.03333333333333333
2 0.45 0.43333333333333335 0.0203125 0.044444444444444446
2 0.50390625 0.33611111111111114 0.015625 0.03333333333333333
2 0.52421875 0.40694444444444444 0.01875 0.03333333333333333
2 0.60078125 0.3902777777777778 0.0171875 0.03333333333333333
2 0.61328125 0.5861111111111111 0.03125 0.06111111111111111
2 0.703125 0.5138888888888888 0.03125 0.06388888888888888
2 0.7828125 0.47638888888888886 0.025 0.05
2 0.8875 0.75 0.0375 0.075
2 0.93984375 0.6263888888888889 0.03125 0.06111111111111111
2 0.9703125 0.5444444444444444 0.0296875 0.05277777777777778
2 0.98359375 0.4930555555555556 0.0296875 0.03888888888888889