2 0.921875 0.4206128133704735 0.0171875 0.04178272980501393
2 0.8328125 0.38857938718662954 0.0234375 0.04456824512534819
2 0.70546875 0.33008356545961004 0.0203125 0.03899721448467967
2 0.7484375 0.4275766016713092 0.021875 0.05013927576601671
2 0.63828125 0.3050139275766017 0.0140625 0.027855153203342618
2 0.66484375 0.4052924791086351 0.021875 0.04178272980501393
2 0.615625 0.4554317548746518 0.028125 0.052924791086350974
2 0.58125 0.3426183844011142 0.0203125 0.04178272980501393
2 0.53671875 0.415041782729805 0.0203125 0.04456824512534819
2 0.49375 0.2966573816155989 0.015625 0.036211699164345405
2 0.45703125 0.3649025069637883 0.021875 0.036211699164345405
2 0.38359375 0.31754874651810583 0.0171875 0.04456824512534819
2 0.3515625 0.5236768802228412 0.0296875 0.06406685236768803
2 0.2625 0.44846796657381616 0.0328125 0.06406685236768803
2 0.2125 0.3593314763231198 0.0296875 0.0584958217270195
2 0.053125 0.6030640668523677 0.0375 0.07520891364902507
2 0.00703125 0.4568245125348189 0.0140625 0.06128133704735376