3 0.09375 0.475 0.0171875 0.03611111111111111
3 0.18671875 0.5111111111111111 0.0234375 0.044444444444444446
3 0.265625 0.4875 0.01875 0.027777777777777776
3 0.31640625 0.5375 0.021875 0.05
3 0.34375 0.43194444444444446 0.0140625 0.03333333333333333
3 0.28984375 0.3875 0.0140625 0.03333333333333333
3 0.4390625 0.3875 0.015625 0.03333333333333333
3 0.46953125 0.4652777777777778 0.021875 0.030555555555555555
3 0.56484375 0.6208333333333333 0.0296875 0.05277777777777778
3 0.65390625 0.5388888888888889 0.0296875 0.058333333333333334
3 0.6984375 0.46805555555555556 0.0234375 0.044444444444444446
3 0.85 0.6930555555555555 0.034375 0.06666666666666667
3 0.8734375 0.5791666666666667 0.0265625 0.05555555555555555
3 0.87734375 0.49027777777777776 0.03125 0.041666666666666664
3 0.9140625 0.42083333333333334 0.025 0.03888888888888889