1 0.10874479166666666 0.45660185185185187 0.021296874999999993 0.03527777777777775
1 0.21038541666666663 0.4895925925925926 0.018057291666666676 0.04293518518518514
1 0.24454166666666666 0.41490740740740745 0.01576562499999996 0.030648148148148223
1 0.3394583333333333 0.5172685185185184 0.019552083333333314 0.045768518518518576
1 0.37089062500000003 0.4236851851851851 0.012604166666666661 0.034277777777777706
1 0.450171875 0.4800925925925925 0.01692708333333339 0.035824074074074175
1 0.46351041666666665 0.38390740740740736 0.013942708333333265 0.029648148148148184
1 0.5565572916666666 0.42496296296296293 0.010348958333333335 0.026222222222222216
1 0.5798020833333333 0.6207407407407407 0.027578124999999964 0.047787037037036996
1 0.6692552083333333 0.5207962962962963 0.02184895833333318 0.052916666666666695
1 0.7162447916666667 0.48036111111111107 0.021067708333333178 0.042157407407407435
1 0.8535364583333334 0.6941296296296297 0.0305416666666666 0.07002777777777765
1 0.8925468750000001 0.5957407407407407 0.031052083333333157 0.05819444444444441
1 0.8936302083333333 0.5189074074074074 0.032583333333333186 0.029509259259259107
1 0.9243697916666666 0.44178703703703703 0.020848958333333556 0.03821296296296295