2 0.91484375 0.3467966573816156 0.065625 0.14484679665738162
2 0.79765625 0.35236768802228413 0.021875 0.04456824512534819
2 0.7703125 0.4401114206128134 0.0296875 0.06128133704735376
2 0.65078125 0.34401114206128136 0.01875 0.04456824512534819
2 0.57578125 0.3412256267409471 0.01875 0.03899721448467967
2 0.62578125 0.43175487465181056 0.0234375 0.04456824512534819
2 0.57734375 0.5153203342618384 0.0296875 0.0584958217270195
2 0.521875 0.4052924791086351 0.021875 0.04735376044568245
2 0.4875 0.5027855153203342 0.0234375 0.05013927576601671
2 0.4234375 0.39415041782729804 0.0203125 0.04456824512534819
2 0.4015625 0.47493036211699163 0.0234375 0.04178272980501393
2 0.3140625 0.4610027855153203 0.021875 0.04735376044568245
2 0.30390625 0.6866295264623955 0.0390625 0.06963788300835655
2 0.20234375 0.6155988857938719 0.034375 0.07799442896935933
2 0.11015625 0.5738161559888579 0.03125 0.06128133704735376