3 0.190625 0.35236768802228413 0.040625 0.07242339832869081
3 0.3296875 0.43175487465181056 0.040625 0.07520891364902507
3 0.3296875 0.2576601671309192 0.0265625 0.055710306406685235
3 0.45703125 0.42896935933147634 0.0359375 0.06963788300835655
3 0.49296875 0.3286908077994429 0.0234375 0.04456824512534819
3 0.5078125 0.415041782729805 0.03125 0.0584958217270195
3 0.58828125 0.40807799442896936 0.0203125 0.04178272980501393
3 0.5890625 0.6392757660167131 0.0421875 0.06685236768802229
3 0.69765625 0.5626740947075209 0.0359375 0.07799442896935933
3 0.88203125 0.8370473537604457 0.04375 0.0807799442896936
3 0.97421875 0.6350974930362117 0.0390625 0.06406685236768803
3 0.99140625 0.5654596100278552 0.0171875 0.05013927576601671