0 0.07109375 0.3774373259052925 0.025 0.03899721448467967
0 0.18125 0.40807799442896936 0.021875 0.05013927576601671
0 0.215625 0.30919220055710306 0.0140625 0.036211699164345405
0 0.265625 0.37604456824512533 0.01875 0.03064066852367688
0 0.29921875 0.2757660167130919 0.0140625 0.027855153203342618
0 0.3265625 0.43175487465181056 0.025 0.055710306406685235
0 0.3578125 0.31754874651810583 0.0171875 0.03064066852367688
0 0.4140625 0.39136490250696376 0.01875 0.03064066852367688
0 0.4578125 0.2646239554317549 0.015625 0.036211699164345405
0 0.6015625 0.5236768802228412 0.0328125 0.06128133704735376
0 0.69921875 0.415041782729805 0.0296875 0.06128133704735376
0 0.74296875 0.3551532033426184 0.025 0.04456824512534819
0 0.92109375 0.5793871866295265 0.0359375 0.07520891364902507
0 0.95078125 0.4610027855153203 0.0375 0.04735376044568245
0 0.9859375 0.28551532033426186 0.01875 0.04456824512534819