1 0.09749999999999999 0.45385185185185184 0.021026041666666672 0.03186111111111103
1 0.20170312499999996 0.48537962962962966 0.018932291666666677 0.0404351851851852
1 0.23318229166666665 0.41200925925925924 0.014031250000000028 0.02728703703703701
1 0.3289947916666666 0.5115833333333333 0.02089062499999992 0.04278703703703712
1 0.3638333333333333 0.41778703703703696 0.013484375000000081 0.033175925925925914
1 0.4398697916666666 0.47571296296296295 0.01505729166666665 0.03559259259259259
1 0.45255729166666664 0.3829166666666666 0.01260416666666675 0.028379629629629557
1 0.5488125 0.4315740740740741 0.04207291666666677 0.07920370370370367
1 0.5707708333333333 0.6324537037037037 0.024265625000000134 0.0393703703703704
1 0.6605260416666667 0.5127222222222222 0.02591666666666672 0.05483333333333336
1 0.7072760416666666 0.4737222222222222 0.025192708333333334 0.044212962962963016
1 0.8834791666666666 0.5911296296296296 0.03619791666666679 0.060814814814814926
1 0.9140520833333333 0.4358611111111111 0.0224479166666665 0.03682407407407406
1 0.8511927083333333 0.6874537037037037 0.029765624999999928 0.07208333333333322