0 0.93203125 0.10584958217270195 0.0203125 0.04456824512534819
0 0.8296875 0.19637883008356546 0.0265625 0.055710306406685235
0 0.7890625 0.11420612813370473 0.01875 0.03899721448467967
0 0.7484375 0.20473537604456823 0.0234375 0.036211699164345405
0 0.7015625 0.12534818941504178 0.0171875 0.036211699164345405
0 0.69609375 0.2924791086350975 0.034375 0.06128133704735376
0 0.646875 0.1894150417827298 0.021875 0.04178272980501393
0 0.60859375 0.298050139275766 0.0265625 0.05013927576601671
0 0.54296875 0.19637883008356546 0.0203125 0.03899721448467967
0 0.440625 0.2883008356545961 0.015625 0.03064066852367688
0 0.44296875 0.5167130919220055 0.0359375 0.06406685236768803
0 0.33515625 0.4623955431754875 0.0359375 0.06963788300835655
0 0.27734375 0.4275766016713092 0.0296875 0.052924791086350974
0 0.1390625 0.7423398328690808 0.0453125 0.08635097493036212
0 0.0890625 0.6323119777158774 0.0421875 0.06128133704735376
0 0.096875 0.5431754874651811 0.0390625 0.06128133704735376
0 0.02578125 0.48467966573816157 0.034375 0.055710306406685235