2 0.05078125 0.31197771587743733 0.01875 0.04456824512534819
2 0.16328125 0.32172701949860727 0.0203125 0.04456824512534819
2 0.190625 0.38579387186629527 0.025 0.04735376044568245
2 0.29375 0.30919220055710306 0.015625 0.033426183844011144
2 0.3140625 0.38997214484679665 0.01875 0.03899721448467967
2 0.3546875 0.3050139275766017 0.015625 0.033426183844011144
2 0.3578125 0.45264623955431754 0.021875 0.05013927576601671
2 0.40546875 0.3607242339832869 0.01875 0.03899721448467967
2 0.440625 0.43175487465181056 0.01875 0.04735376044568245
2 0.490625 0.34958217270194986 0.0140625 0.033426183844011144
2 0.5125 0.4178272980501393 0.01875 0.033426183844011144
2 0.58828125 0.4011142061281337 0.015625 0.036211699164345405
2 0.59765625 0.6016713091922006 0.0328125 0.06406685236768803
2 0.684375 0.5389972144846796 0.028125 0.0584958217270195
2 0.7640625 0.4986072423398329 0.021875 0.04178272980501393
2 0.8515625 0.7618384401114207 0.0359375 0.06685236768802229
2 0.91875 0.6476323119777159 0.0296875 0.06406685236768803
2 0.9453125 0.5696378830083565 0.03125 0.052924791086350974
2 0.96171875 0.5222841225626741 0.028125 0.04456824512534819