0 0.052828125000000004 0.4080555555555555 0.017609374999999993 0.03709259259259265
0 0.13609895833333333 0.38904629629629633 0.017390624999999993 0.03455555555555555
0 0.22968229166666668 0.4324074074074074 0.018114583333333288 0.04271296296296296
0 0.352640625 0.4652037037037037 0.02272395833333336 0.04877777777777778
0 0.2578958333333333 0.3490185185185185 0.01548437500000004 0.027851851851851864
0 0.2994010416666667 0.4115648148148148 0.01829166666666664 0.025333333333333347
0 0.331625 0.32728703703703704 0.012687499999999918 0.025240740740740758
0 0.3802291666666666 0.3667129629629629 0.018453125000000004 0.027694444444444404
0 0.42917708333333326 0.43259259259259253 0.018265624999999907 0.03836111111111112
0 0.47143749999999995 0.3300925925925926 0.012333333333333307 0.03260185185185189
0 0.49765625 0.4048333333333334 0.017036458333333292 0.029509259259259263
0 0.5915833333333332 0.5843055555555554 0.028385416666666607 0.0393148148148149
0 0.7226979166666666 0.4310833333333333 0.02269791666666663 0.04202777777777777
0 0.870515625 0.6516851851851853 0.030916666666666613 0.06274074074074068
0 0.9062395833333333 0.5411944444444444 0.03284374999999997 0.04990740740740749
0 0.9438958333333332 0.3920833333333333 0.02472916666666656 0.037185185185185154
0 0.6819635416666665 0.48563888888888884 0.025010416666666656 0.047611111111111076
0 0.5693541666666666 0.37212962962962953 0.01413020833333345 0.023777777777777783