1 0.95390625 0.7576601671309192 0.021875 0.052924791086350974
1 0.859375 0.7103064066852368 0.025 0.03899721448467967
1 0.7328125 0.692200557103064 0.028125 0.055710306406685235
1 0.67578125 0.7395543175487466 0.0296875 0.06128133704735376
1 0.7234375 0.6002785515320335 0.01875 0.03899721448467967
1 0.6359375 0.6448467966573816 0.01875 0.04178272980501393
1 0.6609375 0.5584958217270195 0.0171875 0.03064066852367688
1 0.59921875 0.5710306406685237 0.0171875 0.03899721448467967
1 0.5296875 0.6002785515320335 0.021875 0.04456824512534819
1 0.47578125 0.5543175487465181 0.0234375 0.04178272980501393
1 0.3578125 0.6880222841225627 0.0328125 0.06685236768802229
1 0.5109375 0.5 0.0171875 0.033426183844011144
1 0.4140625 0.5027855153203342 0.0140625 0.036211699164345405
1 0.284375 0.552924791086351 0.0328125 0.06685236768802229
1 0.246875 0.4972144846796657 0.03125 0.055710306406685235
1 0.0625 0.5445682451253482 0.0375 0.07520891364902507
1 0.0265625 0.3732590529247911 0.028125 0.04735376044568245