0 0.01796875 0.47493036211699163 0.01875 0.04178272980501393
0 0.10546875 0.4401114206128134 0.01875 0.03899721448467967
0 0.209375 0.4610027855153203 0.0234375 0.04735376044568245
0 0.23125 0.36908077994428967 0.01875 0.033426183844011144
0 0.28125 0.42479108635097496 0.021875 0.027855153203342618
0 0.3375 0.47075208913649025 0.025 0.052924791086350974
0 0.30546875 0.32590529247910865 0.0140625 0.03064066852367688
0 0.3609375 0.3635097493036212 0.0171875 0.036211699164345405
0 0.4171875 0.4275766016713092 0.0203125 0.04178272980501393
0 0.45625 0.30362116991643456 0.015625 0.033426183844011144
0 0.56015625 0.3245125348189415 0.0140625 0.03064066852367688
0 0.6 0.5362116991643454 0.0328125 0.055710306406685235
0 0.6875 0.4206128133704735 0.028125 0.052924791086350974
0 0.72734375 0.3565459610027855 0.0265625 0.04735376044568245
0 0.92265625 0.43454038997214484 0.0328125 0.04735376044568245
0 0.91328125 0.3607242339832869 0.03125 0.033426183844011144
0 0.95546875 0.266016713091922 0.028125 0.04178272980501393
0 0.89921875 0.5473537604456824 0.0390625 0.07799442896935933