3 0.11020833333333332 0.46641666666666665 0.01678124999999997 0.03521296296296299
3 0.19989583333333333 0.5043518518518518 0.02193750000000001 0.04336111111111099
3 0.27675520833333334 0.483824074074074 0.017609374999999972 0.02662037037037032
3 0.32619791666666664 0.5341574074074074 0.020286458333333358 0.046907407407407536
3 0.35394270833333336 0.43154629629629626 0.013697916666666643 0.031175925925925836
3 0.301828125 0.3869259259259259 0.013755208333333347 0.030898148148148154
3 0.4466458333333333 0.3917314814814814 0.015286458333333286 0.03174074074074077
3 0.475578125 0.4683703703703703 0.020447916666666722 0.028787037037037066
3 0.5669010416666667 0.6224074074074074 0.02893749999999997 0.0507592592592592
3 0.6544270833333333 0.5448611111111111 0.028192708333333448 0.05557407407407406
3 0.6984791666666667 0.4772685185185185 0.021968749999999915 0.04367592592592599
3 0.8439635416666667 0.7010648148148148 0.03265104166666681 0.06505555555555552
3 0.8682395833333333 0.5912499999999999 0.02503124999999997 0.053407407407407466
3 0.8730364583333333 0.5042037037037037 0.029427083333333215 0.04099074074074072
3 0.9092291666666666 0.43778703703703703 0.023494791666666615 0.03762037037037042