2 0.06438541666666667 0.40778703703703706 0.012338541666666657 0.041472222222222244
2 0.17472395833333335 0.3875092592592593 0.015026041666666679 0.032731481481481556
2 0.20460937499999998 0.4588425925925926 0.020635416666666663 0.04287037037037038
2 0.2987916666666666 0.34532407407407406 0.01328125 0.0285925925925926
2 0.32734895833333333 0.4157407407407407 0.01711458333333331 0.034259259259259205
2 0.3638333333333333 0.32547222222222216 0.012067708333333371 0.027851851851851864
2 0.4116666666666666 0.3678333333333333 0.015453124999999979 0.0350092592592592
2 0.4508020833333333 0.44215740740740733 0.017031249999999963 0.04064814814814813
2 0.4963645833333333 0.3347685185185185 0.013510416666666636 0.032944444444444484
2 0.5215885416666667 0.39775925925925926 0.01711458333333322 0.032314814814814796
2 0.5950572916666667 0.3657222222222222 0.01306770833333335 0.03514814814814819
2 0.6223281249999999 0.554962962962963 0.0292239583333334 0.05398148148148149
2 0.706234375 0.4657037037037036 0.02394270833333323 0.05794444444444448
2 0.7770989583333333 0.4111018518518519 0.02081770833333323 0.044166666666666764
2 0.8963906249999999 0.6481388888888888 0.03312500000000007 0.07671296296296283
2 0.963953125 0.4391851851851852 0.024598958333333344 0.04427777777777777
2 0.9745833333333334 0.3861296296296296 0.0252812500000001 0.02845370370370372
2 0.9425572916666667 0.5219537037037038 0.027218750000000114 0.056777777777777774
2 0.37482812499999996 0.47262962962962957 0.02049479166666659 0.04298148148148139