0 0.97109375 0.36944444444444446 0.0171875 0.041666666666666664
0 0.88203125 0.36666666666666664 0.015625 0.03888888888888889
0 0.78828125 0.42777777777777776 0.025 0.04722222222222222
0 0.75390625 0.35138888888888886 0.015625 0.03333333333333333
0 0.6796875 0.3402777777777778 0.0140625 0.027777777777777776
0 0.66796875 0.4861111111111111 0.0234375 0.04722222222222222
0 0.58515625 0.4736111111111111 0.0203125 0.03333333333333333
0 0.63125 0.39166666666666666 0.015625 0.030555555555555555
0 0.51796875 0.44583333333333336 0.01875 0.03333333333333333
0 0.53359375 0.3736111111111111 0.015625 0.030555555555555555
0 0.446875 0.41805555555555557 0.01875 0.03611111111111111
0 0.4296875 0.6375 0.03125 0.05
0 0.334375 0.5652777777777778 0.028125 0.058333333333333334
0 0.14765625 0.7708333333333334 0.0359375 0.07222222222222222
0 0.28984375 0.5222222222222223 0.0234375 0.044444444444444446
0 0.1140625 0.6638888888888889 0.0359375 0.04722222222222222
0 0.11015625 0.5861111111111111 0.0265625 0.03888888888888889
0 0.065625 0.525 0.0265625 0.041666666666666664