3 0.03697916666666666 0.4443796296296296 0.014812499999999996 0.0393333333333334
3 0.12152083333333333 0.4288611111111111 0.023307291666666653 0.03645370370370371
3 0.20859895833333333 0.4798796296296296 0.023963541666666654 0.042824074074074125
3 0.242734375 0.4025555555555555 0.013468750000000007 0.03504629629629632
3 0.29399479166666664 0.46025925925925926 0.023536458333333333 0.030722222222222227
3 0.34553124999999996 0.514787037037037 0.02645833333333334 0.0422870370370371
3 0.37626562499999994 0.4152962962962963 0.016291666666666683 0.03232407407407405
3 0.41582291666666665 0.48574074074074075 0.02197395833333342 0.034518518518518546
3 0.4610729166666666 0.38722222222222213 0.013562499999999922 0.030537037037037053
3 0.4805104166666666 0.47062962962962956 0.01978124999999995 0.02768518518518527
3 0.578609375 0.6142685185185185 0.030203124999999886 0.048916666666666546
3 0.6692968749999999 0.5526388888888889 0.026729166666666693 0.0617407407407408
3 0.7265677083333333 0.4683703703703704 0.019776041666666622 0.043296296296296395
3 0.8576822916666667 0.7120277777777777 0.03767708333333353 0.06592592592592597
3 0.8970208333333332 0.5936018518518519 0.028281250000000212 0.04902777777777787
3 0.9040989583333332 0.5023333333333333 0.026083333333333413 0.039250000000000146
3 0.9271145833333332 0.45349074074074075 0.025187500000000185 0.0412129629629629