1 0.93984375 0.4722222222222222 0.0234375 0.03611111111111111
1 0.828125 0.5 0.0203125 0.044444444444444446
1 0.796875 0.41944444444444445 0.0171875 0.03333333333333333
1 0.69140625 0.5194444444444445 0.025 0.05
1 0.6609375 0.4152777777777778 0.0171875 0.03888888888888889
1 0.5765625 0.4708333333333333 0.015625 0.041666666666666664
1 0.56484375 0.37222222222222223 0.0140625 0.027777777777777776
1 0.5375 0.44027777777777777 0.01875 0.030555555555555555
1 0.4625 0.4013888888888889 0.0125 0.03333333333333333
1 0.43984375 0.6097222222222223 0.028125 0.058333333333333334
1 0.34765625 0.5013888888888889 0.021875 0.05555555555555555
1 0.29375 0.4527777777777778 0.0265625 0.044444444444444446
1 0.15 0.6694444444444444 0.03125 0.075
1 0.10703125 0.5597222222222222 0.0359375 0.06388888888888888
1 0.11015625 0.4847222222222222 0.03125 0.03888888888888889
1 0.07890625 0.4 0.0234375 0.03888888888888889