1 0.05340625 0.3951388888888889 0.014765625 0.037601851851851914
1 0.16092708333333333 0.36531481481481476 0.020364583333333332 0.031527777777777724
1 0.21006770833333333 0.43720370370370365 0.024843750000000032 0.042555555555555534
1 0.2764479166666666 0.32931481481481484 0.012859375000000029 0.024324074074074057
1 0.31609374999999995 0.41271296296296295 0.01591666666666667 0.029620370370370432
1 0.371484375 0.44202777777777774 0.018796874999999956 0.04541666666666657
1 0.3602864583333333 0.30194444444444446 0.011630208333333326 0.027620370370370434
1 0.3998802083333333 0.3479537037037037 0.013005208333333318 0.034185185185185124
1 0.4544114583333333 0.40509259259259256 0.016880208333333434 0.03812962962962953
1 0.52209375 0.3702407407407407 0.01732812500000005 0.030351851851851838
1 0.49480208333333325 0.3089259259259259 0.013296874999999986 0.029759259259259273
1 0.6162083333333332 0.5358425925925926 0.02439062500000002 0.051333333333333384
1 0.6965833333333333 0.4486111111111111 0.025479166666666764 0.04969444444444441
1 0.7752447916666666 0.3851851851851852 0.0215572916666666 0.039231481481481485
1 0.8862760416666667 0.6181666666666666 0.030734375000000112 0.06896296296296292
1 0.9321354166666665 0.5094444444444445 0.031005208333333555 0.05435185185185184
1 0.970765625 0.36112037037037037 0.023567708333333215 0.042416666666666616