2 0.12163541666666666 0.3751759259259259 0.01499999999999999 0.03699074074074073
2 0.20490104166666664 0.3557685185185185 0.020692708333333344 0.03884259259259264
2 0.32507291666666666 0.3155648148148148 0.01715625000000003 0.03287962962962965
2 0.28147916666666667 0.40073148148148147 0.019229166666666676 0.04454629629629636
2 0.3882552083333334 0.3007314814814815 0.012552083333333287 0.02474999999999999
2 0.35957812499999997 0.39036111111111105 0.018203125000000053 0.03647222222222221
2 0.40374999999999994 0.4424907407407407 0.02445312500000001 0.047287037037037134
2 0.43908854166666667 0.34230555555555553 0.016958333333333363 0.035398148148148165
2 0.478046875 0.4137314814814815 0.017854166666666595 0.03982407407407401
2 0.52225 0.31000925925925926 0.013713541666666629 0.032935185185185234
2 0.5534166666666666 0.3766388888888888 0.01860937499999995 0.032481481481481465
2 0.6232604166666667 0.3413148148148148 0.014614583333333365 0.03833333333333332
2 0.6453802083333333 0.5358981481481481 0.026088541666666742 0.05525925925925937
2 0.7304010416666665 0.4762685185185185 0.027750000000000163 0.05481481481481486
2 0.7795156249999999 0.3994444444444444 0.024984374999999837 0.05012962962962967
2 0.9184374999999999 0.6427592592592593 0.03274479166666673 0.06516666666666661
2 0.97496875 0.5151388888888888 0.028416666666666757 0.055814814814814734