1 0.890625 0.5974930362116991 0.025 0.04178272980501393
1 0.7859375 0.5919220055710307 0.0234375 0.05013927576601671
1 0.76015625 0.5041782729805014 0.01875 0.036211699164345405
1 0.65390625 0.5710306406685237 0.025 0.052924791086350974
1 0.63359375 0.46518105849582175 0.0171875 0.03899721448467967
1 0.5484375 0.49164345403899723 0.0203125 0.04178272980501393
1 0.546875 0.39136490250696376 0.0171875 0.033426183844011144
1 0.44921875 0.3969359331476323 0.0140625 0.03064066852367688
1 0.403125 0.5835654596100278 0.0328125 0.0584958217270195
1 0.32578125 0.44986072423398327 0.028125 0.06128133704735376
1 0.284375 0.39136490250696376 0.0265625 0.05013927576601671
1 0.121875 0.552924791086351 0.0390625 0.0807799442896936
1 0.0953125 0.4401114206128134 0.0375 0.06963788300835655
1 0.103125 0.3635097493036212 0.0359375 0.04178272980501393
1 0.08203125 0.2743732590529248 0.025 0.04456824512534819