0 0.92265625 0.21587743732590528 0.021875 0.04456824512534819
0 0.8390625 0.233983286908078 0.021875 0.04178272980501393
0 0.75390625 0.3161559888579387 0.0234375 0.05013927576601671
0 0.63828125 0.4011142061281337 0.028125 0.0584958217270195
0 0.71484375 0.24651810584958217 0.01875 0.033426183844011144
0 0.6828125 0.32590529247910865 0.021875 0.033426183844011144
0 0.63984375 0.2576601671309192 0.015625 0.03064066852367688
0 0.59765625 0.31754874651810583 0.021875 0.036211699164345405
0 0.559375 0.4025069637883008 0.0234375 0.04456824512534819
0 0.50390625 0.3203342618384401 0.0171875 0.036211699164345405
0 0.48828125 0.4052924791086351 0.0203125 0.036211699164345405
0 0.421875 0.6211699164345403 0.0328125 0.05013927576601671
0 0.27265625 0.5292479108635098 0.028125 0.05013927576601671
0 0.15859375 0.8091922005571031 0.0390625 0.07520891364902507
0 0.10859375 0.7158774373259053 0.0390625 0.06406685236768803
0 0.0515625 0.5863509749303621 0.0296875 0.04735376044568245
0 0.3203125 0.564066852367688 0.03125 0.0584958217270195
0 0.4140625 0.403899721448468 0.0171875 0.03064066852367688