3 0.91171875 0.49025069637883006 0.025 0.05013927576601671
3 0.8796875 0.383008356545961 0.0171875 0.04178272980501393
3 0.8234375 0.4777158774373259 0.0265625 0.03899721448467967
3 0.77109375 0.5431754874651811 0.0265625 0.052924791086350974
3 0.7421875 0.43036211699164345 0.0171875 0.03899721448467967
3 0.67890625 0.5125348189415042 0.0234375 0.05013927576601671
3 0.63515625 0.4052924791086351 0.0171875 0.03899721448467967
3 0.52734375 0.4456824512534819 0.015625 0.03899721448467967
3 0.503125 0.6880222841225627 0.034375 0.06406685236768803
3 0.4171875 0.6086350974930362 0.0390625 0.06685236768802229
3 0.32578125 0.5334261838440112 0.025 0.055710306406685235
3 0.19375 0.8217270194986073 0.0375 0.0807799442896936
3 0.13671875 0.6838440111420613 0.034375 0.06685236768802229
3 0.128125 0.5891364902506964 0.0265625 0.04735376044568245