3 0.05188020833333333 0.4487222222222222 0.015390625000000008 0.03956481481481483
3 0.13851041666666666 0.42073148148148143 0.018031249999999988 0.03387962962962961
3 0.21699479166666666 0.47464814814814815 0.020609374999999996 0.03852777777777779
3 0.25309375 0.3915 0.014583333333333304 0.03211111111111112
3 0.30196354166666667 0.45362962962962966 0.017052083333333367 0.033583333333333264
3 0.35126562499999997 0.5095 0.01971354166666659 0.04333333333333324
3 0.3800572916666667 0.4002222222222222 0.014453125 0.032925925925925824
3 0.4250364583333333 0.47213888888888883 0.020963541666666606 0.03537037037037041
3 0.47115624999999994 0.372537037037037 0.01381250000000005 0.028018518518518457
3 0.5045104166666666 0.4443981481481481 0.015234375 0.031564814814814844
3 0.5609322916666667 0.39116666666666666 0.014656249999999992 0.030962962962962907
3 0.5899635416666666 0.5998518518518519 0.02435937500000005 0.04960185185185174
3 0.6874895833333333 0.5231759259259259 0.023375000000000055 0.05145370370370365
3 0.7427499999999999 0.4480462962962963 0.024473958333333278 0.04095370370370372
3 0.8673385416666666 0.6867222222222221 0.03275000000000006 0.06071296296296293
3 0.9197395833333333 0.5651851851851851 0.025942708333333186 0.05220370370370375
3 0.9262708333333333 0.48003703703703704 0.022593750000000058 0.03837037037037037