0 0.03125 0.34818941504178275 0.0171875 0.04735376044568245
0 0.12265625 0.3467966573816156 0.01875 0.03899721448467967
0 0.23203125 0.4136490250696379 0.0265625 0.05013927576601671
0 0.2515625 0.32172701949860727 0.021875 0.03064066852367688
0 0.3359375 0.31337047353760444 0.0125 0.033426183844011144
0 0.3015625 0.40807799442896936 0.025 0.04178272980501393
0 0.35078125 0.46935933147632314 0.03125 0.055710306406685235
0 0.38984375 0.3732590529247911 0.01875 0.03899721448467967
0 0.43828125 0.45403899721448465 0.0234375 0.052924791086350974
0 0.49296875 0.3607242339832869 0.0171875 0.036211699164345405
0 0.58828125 0.40668523676880225 0.0171875 0.03899721448467967
0 0.60234375 0.6225626740947076 0.0328125 0.04456824512534819
0 0.7046875 0.5626740947075209 0.0296875 0.06685236768802229
0 0.89296875 0.7729805013927576 0.0359375 0.07520891364902507
0 0.753125 0.5153203342618384 0.028125 0.04735376044568245
0 0.99140625 0.5222841225626741 0.0171875 0.04178272980501393
0 0.9484375 0.5821727019498607 0.0296875 0.04178272980501393
0 0.92890625 0.6740947075208914 0.034375 0.06406685236768803
0 0.5171875 0.4331476323119777 0.021875 0.03899721448467967