2 0.08071354166666667 0.4248240740740741 0.015088541666666644 0.04199074074074076
2 0.19640624999999998 0.3978425925925926 0.020484375 0.03704629629629624
2 0.22421875 0.46523148148148147 0.02091666666666665 0.045240740740740804
2 0.3171666666666667 0.35357407407407404 0.012692708333333247 0.034111111111111155
2 0.38011458333333337 0.3329444444444444 0.013046874999999947 0.032148148148148196
2 0.34556770833333333 0.42334259259259255 0.01881770833333336 0.034037037037037025
2 0.39475520833333333 0.4790648148148148 0.02403125000000004 0.04385185185185176
2 0.42842708333333335 0.3712222222222222 0.014770833333333223 0.03593518518518523
2 0.4685052083333333 0.44075 0.017260416666666778 0.038796296296296225
2 0.5136614583333333 0.3378981481481481 0.013098958333333322 0.033259259259259245
2 0.5418645833333333 0.40166666666666667 0.01746354166666677 0.033629629629629676
2 0.6390364583333333 0.5584444444444444 0.030213541666666722 0.0525555555555556
2 0.72209375 0.4706203703703703 0.023182291666666723 0.05557407407407406
2 0.795015625 0.4107314814814814 0.02169791666666665 0.04517592592592589
2 0.9144375 0.6460925925925926 0.03805729166666687 0.06953703703703695
2 0.9649687499999999 0.5189166666666666 0.03213541666666657 0.05814814814814816
2 0.9851093750000001 0.4339259259259259 0.027369791666666643 0.05008333333333342
2 0.9916770833333333 0.3778981481481481 0.016640624999999788 0.02924074074074083