0 0.0421875 0.6211699164345403 0.0171875 0.04178272980501393
0 0.12890625 0.5710306406685237 0.0203125 0.03899721448467967
0 0.2234375 0.5891364902506964 0.025 0.04735376044568245
0 0.24453125 0.4986072423398329 0.0171875 0.027855153203342618
0 0.31171875 0.5348189415041783 0.0234375 0.04178272980501393
0 0.35390625 0.5710306406685237 0.0234375 0.05013927576601671
0 0.321875 0.4428969359331476 0.0171875 0.027855153203342618
0 0.38125 0.4554317548746518 0.0203125 0.036211699164345405
0 0.46328125 0.38857938718662954 0.01875 0.033426183844011144
0 0.50390625 0.4582172701949861 0.021875 0.033426183844011144
0 0.61640625 0.584958217270195 0.034375 0.055710306406685235
0 0.9 0.5793871866295265 0.0359375 0.07520891364902507
0 0.69765625 0.46518105849582175 0.0296875 0.0584958217270195
0 0.7484375 0.3746518105849582 0.025 0.04456824512534819
0 0.94375 0.403899721448468 0.03125 0.06128133704735376
0 0.56875 0.3802228412256267 0.0375 0.06128133704735376
0 0.94140625 0.32172701949860727 0.0265625 0.04735376044568245