2 0.052593749999999995 0.41277777777777774 0.014947916666666661 0.04106481481481489
2 0.162796875 0.3938703703703703 0.016156250000000004 0.037435185185185085
2 0.19274479166666664 0.46244444444444444 0.017536458333333303 0.0433888888888889
2 0.29232291666666665 0.35235185185185186 0.013557291666666683 0.034222222222222244
2 0.3171145833333333 0.42358333333333337 0.01867708333333331 0.03533333333333325
2 0.3654114583333333 0.4775925925925925 0.02106250000000003 0.040583333333333374
2 0.40162499999999995 0.37582407407407403 0.015645833333333314 0.037833333333333344
2 0.44041145833333334 0.44516666666666665 0.016177083333333363 0.043055555555555555
2 0.48601562499999995 0.34372222222222226 0.013609375000000057 0.032092592592592575
2 0.5111718749999999 0.4059351851851852 0.0172239583333333 0.03353703703703701
2 0.5828333333333333 0.3734351851851852 0.014098958333333477 0.03457407407407405
2 0.6090989583333333 0.5606944444444444 0.028703125000000006 0.056287037037037004
2 0.6904843749999999 0.4778611111111111 0.024020833333333335 0.05532407407407413
2 0.7648072916666667 0.4213425925925926 0.02183333333333337 0.04253703703703703
2 0.8716093749999999 0.6558703703703704 0.03125 0.06161111111111113
2 0.9281302083333334 0.5271666666666667 0.0285520833333333 0.05486111111111111
2 0.9465260416666667 0.4487407407407407 0.025921874999999872 0.04383333333333342
2 0.959234375 0.39781481481481473 0.023406250000000028 0.034083333333333285