1 0.08984375 0.6100278551532033 0.025 0.04178272980501393
1 0.20234375 0.6058495821727019 0.025 0.05013927576601671
1 0.2265625 0.5181058495821727 0.0171875 0.033426183844011144
1 0.3375 0.5877437325905293 0.0265625 0.052924791086350974
1 0.36328125 0.4763231197771588 0.0171875 0.03899721448467967
1 0.44921875 0.5097493036211699 0.0203125 0.04178272980501393
1 0.4515625 0.40807799442896936 0.015625 0.033426183844011144
1 0.5578125 0.42479108635097496 0.053125 0.09749303621169916
1 0.603125 0.6267409470752089 0.0296875 0.05013927576601671
1 0.6828125 0.46935933147632314 0.0328125 0.06685236768802229
1 0.72734375 0.41086350974930363 0.03125 0.055710306406685235
1 0.92421875 0.47075208913649025 0.0453125 0.07520891364902507
1 0.93828125 0.2966573816155989 0.028125 0.04735376044568245
1 0.9015625 0.5821727019498607 0.0390625 0.08635097493036212