0 0.06386458333333334 0.46422222222222226 0.014770833333333334 0.036722222222222295
0 0.14571874999999998 0.45191666666666663 0.015296874999999988 0.03577777777777776
0 0.22620312499999998 0.4942037037037037 0.01959895833333336 0.03844444444444438
0 0.26727604166666663 0.4089351851851851 0.013203124999999982 0.028749999999999904
0 0.307609375 0.47724999999999995 0.019750000000000066 0.03364814814814818
0 0.3601770833333333 0.5268518518518518 0.02358333333333329 0.0430092592592593
0 0.33924479166666666 0.3904537037037037 0.013395833333333319 0.02537037037037035
0 0.388390625 0.4293055555555555 0.01591666666666667 0.033185185185185165
0 0.4354739583333333 0.5009537037037036 0.018723958333333356 0.03909259259259257
0 0.4824739583333333 0.39648148148148143 0.015880208333333277 0.0294351851851851
0 0.5716145833333333 0.4263240740740741 0.01497916666666672 0.03138888888888892
0 0.597234375 0.6351666666666667 0.030322916666666623 0.03868518518518521
0 0.8882135416666666 0.7216666666666666 0.03307812500000011 0.06897222222222225
0 0.6852239583333334 0.5565462962962964 0.022885416666666637 0.04492592592592596
0 0.7276875 0.5002685185185184 0.022005208333333394 0.04021296296296302
0 0.5094114583333333 0.46151851851851844 0.019937499999999986 0.030018518518518535
0 0.90896875 0.6093611111111111 0.02656770833333333 0.05030555555555544
0 0.9531979166666666 0.4638981481481481 0.025104166666666573 0.03747222222222225