3 0.1078125 0.33565459610027853 0.0234375 0.036211699164345405
3 0.184375 0.40807799442896936 0.028125 0.052924791086350974
3 0.31953125 0.479108635097493 0.028125 0.04735376044568245
3 0.309375 0.31754874651810583 0.0171875 0.033426183844011144
3 0.40234375 0.44986072423398327 0.021875 0.04178272980501393
3 0.471875 0.43454038997214484 0.025 0.03899721448467967
3 0.45390625 0.3635097493036212 0.015625 0.033426183844011144
3 0.5375 0.41225626740947074 0.015625 0.04456824512534819
3 0.5390625 0.616991643454039 0.025 0.04735376044568245
3 0.6421875 0.5487465181058496 0.034375 0.06406685236768803
3 0.815625 0.7701949860724234 0.0375 0.06685236768802229
3 0.8453125 0.6573816155988857 0.0359375 0.055710306406685235
3 0.86953125 0.5835654596100278 0.03125 0.04456824512534819
3 0.9109375 0.5250696378830083 0.028125 0.04456824512534819