2 0.11875 0.1894150417827298 0.028125 0.055710306406685235
2 0.1484375 0.2646239554317549 0.0296875 0.0584958217270195
2 0.26875 0.18384401114206128 0.0203125 0.04456824512534819
2 0.28671875 0.2757660167130919 0.021875 0.04456824512534819
2 0.33671875 0.35236768802228413 0.0296875 0.06128133704735376
2 0.3375 0.18384401114206128 0.015625 0.036211699164345405
2 0.3890625 0.2520891364902507 0.021875 0.04178272980501393
2 0.425 0.34401114206128136 0.0234375 0.052924791086350974
2 0.509375 0.3245125348189415 0.0234375 0.04456824512534819
2 0.59453125 0.31197771587743733 0.01875 0.04735376044568245
2 0.603125 0.5362116991643454 0.034375 0.06685236768802229
2 0.70390625 0.47214484679665736 0.034375 0.06406685236768803
2 0.79609375 0.4331476323119777 0.0296875 0.052924791086350974
2 0.89296875 0.7381615598885793 0.0484375 0.08635097493036212
2 0.96796875 0.6128133704735376 0.0390625 0.06963788300835655
2 0.98984375 0.5250696378830083 0.0203125 0.052924791086350974
2 0.4875 0.24373259052924792 0.021875 0.04178272980501393