3 0.11041666666666665 0.4444907407407407 0.014979166666666677 0.039620370370370334
3 0.19454687499999998 0.4880648148148148 0.021526041666666697 0.0441296296296296
3 0.22114062499999995 0.39325 0.016234374999999978 0.02370370370370378
3 0.272265625 0.46706481481481477 0.019125000000000014 0.031407407407407426
3 0.3199895833333333 0.5185 0.020302083333333342 0.0448055555555557
3 0.30293749999999997 0.37354629629629627 0.014614583333333275 0.026240740740740717
3 0.3932239583333333 0.48467592592592595 0.0195937499999999 0.03782407407407409
3 0.46876562499999996 0.44945370370370374 0.020932291666666637 0.030787037037036984
3 0.52975 0.3987777777777778 0.01476562500000007 0.03227777777777779
3 0.5591770833333333 0.6016944444444445 0.025104166666666573 0.05825925925925933
3 0.639734375 0.5255277777777778 0.028281250000000036 0.052333333333333266
3 0.6874270833333332 0.4639074074074074 0.01878124999999997 0.04136111111111107
3 0.8371718749999999 0.6815092592592592 0.03547916666666673 0.07184259259259254
3 0.8504687499999999 0.553287037037037 0.0244739583333331 0.05670370370370376
3 0.9003177083333332 0.42188888888888887 0.02428645833333327 0.036287037037037034
3 0.4309479166666666 0.37612962962962965 0.009578124999999993 0.029407407407407347