0 0.94296875 0.2799442896935933 0.0171875 0.04178272980501393
0 0.85625 0.2938718662952646 0.0203125 0.03899721448467967
0 0.77578125 0.3732590529247911 0.025 0.04456824512534819
0 0.73828125 0.30779944289693595 0.0171875 0.027855153203342618
0 0.68671875 0.38579387186629527 0.021875 0.04178272980501393
0 0.65703125 0.4456824512534819 0.021875 0.05013927576601671
0 0.65859375 0.30919220055710306 0.0171875 0.027855153203342618
0 0.60859375 0.362116991643454 0.01875 0.033426183844011144
0 0.52109375 0.3579387186629526 0.0171875 0.03064066852367688
0 0.5 0.4456824512534819 0.0203125 0.033426183844011144
0 0.4265625 0.6337047353760445 0.0328125 0.055710306406685235
0 0.1734375 0.8189415041782729 0.0359375 0.07242339832869081
0 0.3296875 0.5821727019498607 0.028125 0.055710306406685235
0 0.26484375 0.5362116991643454 0.0234375 0.04456824512534819
0 0.0984375 0.692200557103064 0.0296875 0.0584958217270195
0 0.42578125 0.4206128133704735 0.0359375 0.06128133704735376
0 0.0828125 0.6183844011142061 0.0265625 0.04735376044568245