2 0.946875 0.5933147632311978 0.01875 0.04178272980501393
2 0.84140625 0.5306406685236769 0.021875 0.04178272980501393
2 0.80546875 0.5891364902506964 0.025 0.05013927576601671
2 0.72421875 0.4373259052924791 0.01875 0.03899721448467967
2 0.68984375 0.5013927576601671 0.01875 0.03899721448467967
2 0.634375 0.5292479108635098 0.028125 0.055710306406685235
2 0.6640625 0.39275766016713093 0.0171875 0.036211699164345405
2 0.6078125 0.4178272980501393 0.0171875 0.036211699164345405
2 0.56015625 0.47075208913649025 0.021875 0.04735376044568245
2 0.52890625 0.34958217270194986 0.0171875 0.033426183844011144
2 0.4953125 0.403899721448468 0.0234375 0.03899721448467967
2 0.428125 0.3384401114206128 0.0171875 0.036211699164345405
2 0.37734375 0.5167130919220055 0.034375 0.06963788300835655
2 0.30546875 0.38857938718662954 0.03125 0.06406685236768803
2 0.10078125 0.5 0.040625 0.08356545961002786
2 0.246875 0.31754874651810583 0.025 0.05013927576601671
2 0.0515625 0.20891364902506965 0.028125 0.03899721448467967
2 0.05546875 0.26880222841225626 0.03125 0.055710306406685235
2 0.06875 0.3593314763231198 0.034375 0.06685236768802229