1 0.89921875 0.40668523676880225 0.0234375 0.033426183844011144
1 0.7921875 0.45125348189415043 0.025 0.04735376044568245
1 0.7578125 0.3788300835654596 0.0171875 0.03064066852367688
1 0.66171875 0.49442896935933145 0.025 0.055710306406685235
1 0.625 0.3969359331476323 0.0125 0.036211699164345405
1 0.5484375 0.467966573816156 0.0171875 0.04178272980501393
1 0.53125 0.3732590529247911 0.0140625 0.03064066852367688
1 0.43671875 0.4233983286908078 0.0109375 0.027855153203342618
1 0.41953125 0.6406685236768802 0.0296875 0.05013927576601671
1 0.321875 0.5348189415041783 0.0296875 0.06128133704735376
1 0.271875 0.4958217270194986 0.0265625 0.03899721448467967
1 0.1390625 0.7395543175487466 0.0375 0.06963788300835655
1 0.096875 0.6364902506963789 0.0328125 0.06128133704735376
1 0.09296875 0.5598885793871866 0.0328125 0.04178272980501393
1 0.059375 0.4832869080779944 0.025 0.033426183844011144