0 0.99140625 0.5821727019498607 0.0171875 0.04456824512534819
0 0.90859375 0.5445682451253482 0.0234375 0.036211699164345405
0 0.80390625 0.5696378830083565 0.0234375 0.04456824512534819
0 0.78046875 0.47493036211699163 0.0171875 0.036211699164345405
0 0.734375 0.5292479108635098 0.01875 0.03064066852367688
0 0.67578125 0.575208913649025 0.025 0.04735376044568245
0 0.7078125 0.435933147632312 0.0109375 0.027855153203342618
0 0.65234375 0.4637883008356546 0.0171875 0.03064066852367688
0 0.59765625 0.5264623955431755 0.01875 0.033426183844011144
0 0.559375 0.40668523676880225 0.015625 0.027855153203342618
0 0.465625 0.41086350974930363 0.0171875 0.033426183844011144
0 0.53359375 0.47214484679665736 0.01875 0.036211699164345405
0 0.30078125 0.45403899721448465 0.0234375 0.04735376044568245
0 0.421875 0.6253481894150418 0.034375 0.0584958217270195
0 0.3375 0.5167130919220055 0.0296875 0.055710306406685235
0 0.12734375 0.637883008356546 0.0359375 0.07520891364902507
0 0.08046875 0.362116991643454 0.0265625 0.04456824512534819
0 0.11171875 0.5236768802228412 0.0328125 0.05013927576601671