3 0.9140625 0.24233983286908078 0.021875 0.04456824512534819
3 0.83046875 0.3412256267409471 0.025 0.05013927576601671
3 0.728125 0.34401114206128136 0.025 0.03899721448467967
3 0.68125 0.42479108635097496 0.028125 0.055710306406685235
3 0.6875 0.25487465181058494 0.01875 0.03899721448467967
3 0.63359375 0.31058495821727017 0.0203125 0.036211699164345405
3 0.5921875 0.40668523676880225 0.0296875 0.052924791086350974
3 0.528125 0.3203342618384401 0.01875 0.036211699164345405
3 0.50625 0.3997214484679666 0.0265625 0.04735376044568245
3 0.43671875 0.37186629526462395 0.015625 0.04456824512534819
3 0.43046875 0.6044568245125348 0.0359375 0.07242339832869081
3 0.3296875 0.5403899721448467 0.0375 0.07520891364902507
3 0.27265625 0.4972144846796657 0.0296875 0.0584958217270195
3 0.10546875 0.6768802228412256 0.0296875 0.055710306406685235
3 0.14765625 0.7966573816155988 0.040625 0.08356545961002786
3 0.0421875 0.532033426183844 0.028125 0.05013927576601671