0 0.03296875 0.46775000000000005 0.014526041666666666 0.04030555555555553
0 0.11477083333333334 0.4479444444444444 0.021031250000000012 0.03112037037037033
0 0.21427083333333333 0.4938888888888888 0.020687500000000015 0.03978703703703701
0 0.2431927083333333 0.40879629629629627 0.013979166666666654 0.03212037037037037
0 0.28348437499999996 0.46992592592592586 0.016812499999999987 0.02614814814814821
0 0.33688020833333326 0.5269722222222222 0.021458333333333357 0.04170370370370367
0 0.31559375 0.3860925925925926 0.00947916666666666 0.025203703703703676
0 0.36705208333333333 0.4245277777777777 0.015317708333333346 0.027509259259259344
0 0.41552083333333323 0.4965277777777778 0.0171510416666667 0.027666666666666766
0 0.4600677083333333 0.389787037037037 0.014140625000000106 0.024185185185185136
0 0.5500729166666667 0.4128611111111111 0.014140625000000106 0.028805555555555567
0 0.4801875 0.4577962962962963 0.01616145833333338 0.030574074074074056
0 0.7059114583333332 0.48870370370370364 0.019515624999999835 0.04095370370370372
0 0.5780364583333333 0.6275833333333333 0.029380208333333258 0.05054629629629627
0 0.6659739583333334 0.5412685185185185 0.025208333333333322 0.049620370370370245
0 0.8597239583333334 0.7023148148148147 0.0298958333333335 0.06576851851851846
0 0.9231406249999999 0.4475925925925926 0.023708333333333442 0.038342592592592616
0 0.8827187499999999 0.5950370370370369 0.02957291666666677 0.042129629629629683