0 0.00703125 0.596100278551532 0.0140625 0.04456824512534819
0 0.0921875 0.541782729805014 0.0234375 0.04735376044568245
0 0.1859375 0.5557103064066853 0.0265625 0.052924791086350974
0 0.2171875 0.44846796657381616 0.0171875 0.036211699164345405
0 0.2703125 0.4972144846796657 0.025 0.03899721448467967
0 0.3328125 0.5292479108635098 0.028125 0.06406685236768803
0 0.29140625 0.39136490250696376 0.0203125 0.03899721448467967
0 0.3515625 0.41225626740947074 0.0203125 0.04178272980501393
0 0.41015625 0.46657381615598886 0.0265625 0.055710306406685235
0 0.44609375 0.33565459610027853 0.0203125 0.04178272980501393
0 0.54609375 0.33008356545961004 0.01875 0.036211699164345405
0 0.4828125 0.39415041782729804 0.0265625 0.04178272980501393
0 0.6015625 0.5348189415041783 0.034375 0.06128133704735376
0 0.68671875 0.4052924791086351 0.034375 0.06685236768802229
0 0.92265625 0.4986072423398329 0.0421875 0.08356545961002786
0 0.9328125 0.36768802228412256 0.040625 0.06406685236768803
0 0.95703125 0.1977715877437326 0.0296875 0.05013927576601671
0 0.7265625 0.33565459610027853 0.0296875 0.052924791086350974
0 0.92578125 0.28551532033426186 0.028125 0.033426183844011144