3 0.80625 0.39275766016713093 0.03125 0.06406685236768803
3 0.76953125 0.33147632311977715 0.025 0.03899721448467967
3 0.68671875 0.3245125348189415 0.0140625 0.027855153203342618
3 0.68515625 0.4623955431754875 0.0265625 0.052924791086350974
3 0.56796875 0.45264623955431754 0.021875 0.05013927576601671
3 0.521875 0.4387186629526462 0.021875 0.03899721448467967
3 0.53984375 0.3593314763231198 0.0203125 0.03899721448467967
3 0.45234375 0.6295264623955432 0.0359375 0.055710306406685235
3 0.35625 0.552924791086351 0.03125 0.06685236768802229
3 0.30546875 0.5153203342618384 0.0265625 0.055710306406685235
3 0.1875 0.7771587743732591 0.0421875 0.08356545961002786
3 0.12578125 0.5988857938718662 0.03125 0.055710306406685235
3 0.08515625 0.5445682451253482 0.0265625 0.04456824512534819