2 0.11416666666666667 0.4237962962962963 0.013718750000000002 0.03739814814814808
2 0.199015625 0.3989351851851852 0.01495833333333334 0.03561111111111109
2 0.27734895833333334 0.44200925925925927 0.02155729166666669 0.03992592592592593
2 0.3081770833333334 0.3557685185185185 0.01665625000000004 0.033601851851851806
2 0.38066666666666665 0.334037037037037 0.010911458333333356 0.029787037037037025
2 0.35153125 0.4259537037037036 0.015947916666666638 0.03327777777777783
2 0.4004270833333333 0.47309259259259256 0.04391145833333332 0.08506481481481482
2 0.428359375 0.3742685185185185 0.01431770833333328 0.03388888888888886
2 0.47273437499999993 0.44442592592592595 0.016489583333333436 0.03502777777777782
2 0.5168958333333333 0.34156481481481477 0.012520833333333314 0.02945370370370368
2 0.5454322916666666 0.3953055555555556 0.018098958333333394 0.0312314814814815
2 0.613640625 0.35887037037037034 0.015593750000000028 0.030370370370370343
2 0.6415572916666666 0.5601574074074074 0.026296874999999886 0.054546296296296426
2 0.7241302083333332 0.49343518518518514 0.02341145833333318 0.05303703703703696
2 0.9076822916666666 0.6563240740740741 0.03604166666666657 0.06385185185185188
2 0.9685052083333332 0.5235740740740741 0.030296875000000157 0.05710185185185187
2 0.9922291666666666 0.4376759259259259 0.015536458333333414 0.050222222222222175