3 0.79921875 0.5821727019498607 0.0328125 0.06685236768802229
3 0.7765625 0.4986072423398329 0.025 0.04178272980501393
3 0.696875 0.4387186629526462 0.0140625 0.03064066852367688
3 0.66796875 0.5724233983286908 0.0265625 0.055710306406685235
3 0.55625 0.48885793871866295 0.0234375 0.05013927576601671
3 0.5140625 0.44707520891364905 0.0234375 0.04178272980501393
3 0.54765625 0.3816155988857939 0.0203125 0.03899721448467967
3 0.40859375 0.5877437325905293 0.0359375 0.0584958217270195
3 0.33125 0.45403899721448465 0.03125 0.06963788300835655
3 0.2890625 0.38440111420612816 0.0265625 0.055710306406685235
3 0.12265625 0.5654596100278552 0.04375 0.08635097493036212
3 0.09765625 0.35236768802228413 0.03125 0.0584958217270195
3 0.06953125 0.2757660167130919 0.028125 0.04456824512534819