3 0.0921875 0.3022284122562674 0.025 0.04178272980501393
3 0.19375 0.36908077994428967 0.0265625 0.0584958217270195
3 0.3265625 0.4387186629526462 0.028125 0.055710306406685235
3 0.36953125 0.3384401114206128 0.021875 0.036211699164345405
3 0.434375 0.4220055710306407 0.0234375 0.04735376044568245
3 0.46796875 0.318941504178273 0.0203125 0.03899721448467967
3 0.49609375 0.40668523676880225 0.0296875 0.05013927576601671
3 0.5796875 0.3774373259052925 0.01875 0.036211699164345405
3 0.58203125 0.6100278551532033 0.034375 0.07799442896935933
3 0.68984375 0.5348189415041783 0.0359375 0.06963788300835655
3 0.98828125 0.5069637883008357 0.0234375 0.05013927576601671
3 0.96015625 0.5724233983286908 0.034375 0.06406685236768803
3 0.93046875 0.66991643454039 0.040625 0.07799442896935933
3 0.871875 0.7785515320334262 0.0375 0.08356545961002786