3 0.9671875 0.38857938718662954 0.0171875 0.04178272980501393
3 0.88125 0.38440111420612816 0.025 0.03899721448467967
3 0.79609375 0.44707520891364905 0.0265625 0.04735376044568245
3 0.75859375 0.3732590529247911 0.015625 0.036211699164345405
3 0.70859375 0.4373259052924791 0.025 0.033426183844011144
3 0.659375 0.4986072423398329 0.028125 0.04735376044568245
3 0.62421875 0.4025069637883008 0.0171875 0.033426183844011144
3 0.58671875 0.479108635097493 0.0234375 0.03899721448467967
3 0.5375 0.38440111420612816 0.015625 0.033426183844011144
3 0.52109375 0.47075208913649025 0.0203125 0.03064066852367688
3 0.428125 0.6295264623955432 0.0328125 0.052924791086350974
3 0.334375 0.5779944289693594 0.0296875 0.06685236768802229
3 0.2734375 0.5 0.021875 0.04735376044568245
3 0.15078125 0.7632311977715878 0.040625 0.07242339832869081
3 0.10625 0.6476323119777159 0.0296875 0.052924791086350974
3 0.0953125 0.5571030640668524 0.028125 0.04178272980501393
3 0.0703125 0.5097493036211699 0.0265625 0.04456824512534819