1 0.1125 0.39861111111111114 0.021875 0.04722222222222222
1 0.15 0.3194444444444444 0.01875 0.03611111111111111
1 0.25390625 0.44583333333333336 0.028125 0.05277777777777778
1 0.2921875 0.3416666666666667 0.01875 0.041666666666666664
1 0.3765625 0.4166666666666667 0.0171875 0.044444444444444446
1 0.3953125 0.31527777777777777 0.015625 0.027777777777777776
1 0.4203125 0.39305555555555555 0.0203125 0.03333333333333333
1 0.50078125 0.36666666666666664 0.0125 0.03611111111111111
1 0.51171875 0.5888888888888889 0.03125 0.06388888888888888
1 0.61484375 0.49444444444444446 0.025 0.06111111111111111
1 0.67421875 0.45416666666666666 0.0296875 0.04722222222222222
1 0.81171875 0.7083333333333334 0.034375 0.08055555555555556
1 0.8640625 0.6013888888888889 0.0390625 0.06944444444444445
1 0.86484375 0.5222222222222223 0.0328125 0.044444444444444446
1 0.90234375 0.44027777777777777 0.025 0.041666666666666664