0 0.03828125 0.5513888888888889 0.01875 0.041666666666666664
0 0.12421875 0.5194444444444445 0.0203125 0.041666666666666664
0 0.21328125 0.5513888888888889 0.025 0.05
0 0.29609375 0.5111111111111111 0.021875 0.05
0 0.35078125 0.5555555555555556 0.0265625 0.05
0 0.2484375 0.45 0.0171875 0.03333333333333333
0 0.3171875 0.4125 0.0109375 0.025
0 0.37734375 0.45 0.0171875 0.03333333333333333
0 0.4296875 0.5111111111111111 0.021875 0.041666666666666664
0 0.471875 0.39444444444444443 0.0171875 0.03333333333333333
0 0.565625 0.40694444444444444 0.0140625 0.03333333333333333
0 0.50234375 0.45694444444444443 0.0234375 0.03333333333333333
0 0.6046875 0.6152777777777778 0.034375 0.05
0 0.69375 0.5125 0.0265625 0.058333333333333334
0 0.73359375 0.4513888888888889 0.025 0.044444444444444446
0 0.8921875 0.6388888888888888 0.0359375 0.06944444444444445
0 0.96484375 0.36666666666666664 0.0265625 0.044444444444444446
0 0.90859375 0.5319444444444444 0.028125 0.05555555555555555