2 0.02734375 0.4387186629526462 0.015625 0.04456824512534819
2 0.14140625 0.41225626740947074 0.01875 0.04178272980501393
2 0.1734375 0.4805013927576602 0.021875 0.04735376044568245
2 0.26953125 0.3579387186629526 0.015625 0.036211699164345405
2 0.3015625 0.43175487465181056 0.0203125 0.03899721448467967
2 0.3515625 0.4860724233983287 0.0234375 0.04456824512534819
2 0.3359375 0.3370473537604457 0.0125 0.03064066852367688
2 0.38984375 0.3746518105849582 0.015625 0.03899721448467967
2 0.4296875 0.4456824512534819 0.01875 0.04456824512534819
2 0.4734375 0.33565459610027853 0.0140625 0.036211699164345405
2 0.50390625 0.4011142061281337 0.01875 0.033426183844011144
2 0.57578125 0.3593314763231198 0.0171875 0.04178272980501393
2 0.60625 0.5543175487465181 0.0296875 0.06128133704735376
2 0.68828125 0.4610027855153203 0.0265625 0.0584958217270195
2 0.76640625 0.3997214484679666 0.0265625 0.05013927576601671
2 0.88359375 0.6350974930362117 0.0390625 0.07520891364902507
2 0.93828125 0.4986072423398329 0.034375 0.06406685236768803
2 0.95859375 0.41225626740947074 0.028125 0.04735376044568245
2 0.96796875 0.3579387186629526 0.03125 0.033426183844011144