1 0.0140625 0.35376044568245124 0.01875 0.04178272980501393
1 0.11484375 0.3746518105849582 0.025 0.04178272980501393
1 0.21640625 0.44986072423398327 0.025 0.052924791086350974
1 0.253125 0.3871866295264624 0.01875 0.03899721448467967
1 0.33515625 0.5222841225626741 0.025 0.05013927576601671
1 0.38046875 0.44707520891364905 0.015625 0.033426183844011144
1 0.44453125 0.5306406685236769 0.021875 0.04178272980501393
1 0.4734375 0.4415041782729805 0.015625 0.033426183844011144
1 0.49453125 0.5194986072423399 0.021875 0.036211699164345405
1 0.56015625 0.5194986072423399 0.0140625 0.03064066852367688
1 0.6515625 0.6573816155988857 0.0296875 0.06128133704735376
1 0.70390625 0.6295264623955432 0.0296875 0.055710306406685235
1 0.82421875 0.924791086350975 0.040625 0.07520891364902507
1 0.86953125 0.8231197771587744 0.0390625 0.06685236768802229
1 0.88203125 0.7423398328690808 0.0296875 0.03899721448467967
1 0.92109375 0.6810584958217271 0.025 0.04456824512534819