0 0.93984375 0.5472222222222223 0.0171875 0.03888888888888889
0 0.85703125 0.5180555555555556 0.0171875 0.03888888888888889
0 0.7734375 0.5458333333333333 0.021875 0.041666666666666664
0 0.73671875 0.4513888888888889 0.015625 0.030555555555555555
0 0.69140625 0.5138888888888888 0.021875 0.03888888888888889
0 0.63515625 0.5541666666666667 0.0265625 0.04722222222222222
0 0.66484375 0.41944444444444445 0.015625 0.027777777777777776
0 0.6125 0.45 0.01875 0.03611111111111111
0 0.56015625 0.5138888888888888 0.021875 0.044444444444444446
0 0.51875 0.39861111111111114 0.0171875 0.03333333333333333
0 0.4265625 0.4111111111111111 0.0171875 0.03611111111111111
0 0.3875 0.6194444444444445 0.0328125 0.044444444444444446
0 0.08671875 0.6513888888888889 0.0375 0.075
0 0.303125 0.5222222222222223 0.0265625 0.05
0 0.26328125 0.45694444444444443 0.025 0.044444444444444446
0 0.4875 0.4597222222222222 0.021875 0.03333333333333333
0 0.07265625 0.5333333333333333 0.0296875 0.05555555555555555
0 0.03671875 0.37777777777777777 0.028125 0.041666666666666664