1 0.0890625 0.3064066852367688 0.0265625 0.04456824512534819
1 0.19140625 0.3774373259052925 0.0234375 0.05013927576601671
1 0.23515625 0.31197771587743733 0.0203125 0.03899721448467967
1 0.32265625 0.45264623955431754 0.025 0.055710306406685235
1 0.36640625 0.36629526462395545 0.0171875 0.03899721448467967
1 0.4421875 0.45403899721448465 0.021875 0.04456824512534819
1 0.4671875 0.3579387186629526 0.0171875 0.036211699164345405
1 0.559375 0.43454038997214484 0.0140625 0.03064066852367688
1 0.5609375 0.6476323119777159 0.034375 0.0584958217270195
1 0.665625 0.575208913649025 0.028125 0.06406685236768803
1 0.71953125 0.5501392757660167 0.0265625 0.052924791086350974
1 0.8375 0.8231197771587744 0.0390625 0.08356545961002786
1 0.88984375 0.733983286908078 0.0390625 0.07242339832869081
1 0.89921875 0.6545961002785515 0.0375 0.04178272980501393
1 0.940625 0.584958217270195 0.0265625 0.04735376044568245