2 0.11953125 0.33008356545961004 0.0171875 0.04178272980501393
2 0.20546875 0.3203342618384401 0.0171875 0.033426183844011144
2 0.2828125 0.3746518105849582 0.0203125 0.04178272980501393
2 0.3296875 0.2966573816155989 0.015625 0.033426183844011144
2 0.39375 0.2883008356545961 0.0125 0.027855153203342618
2 0.36015625 0.37604456824512533 0.0171875 0.036211699164345405
2 0.4015625 0.43454038997214484 0.021875 0.05013927576601671
2 0.440625 0.3398328690807799 0.0171875 0.033426183844011144
2 0.4796875 0.415041782729805 0.0171875 0.04178272980501393
2 0.52890625 0.31754874651810583 0.0140625 0.033426183844011144
2 0.55703125 0.38997214484679665 0.021875 0.036211699164345405
2 0.628125 0.3593314763231198 0.0140625 0.033426183844011144
2 0.79296875 0.4387186629526462 0.0265625 0.05013927576601671
2 0.7296875 0.5097493036211699 0.0265625 0.06128133704735376
2 0.6453125 0.5612813370473537 0.03125 0.0584958217270195
2 0.9109375 0.7061281337047354 0.0359375 0.07520891364902507
2 0.97578125 0.5793871866295265 0.034375 0.06406685236768803
2 0.99453125 0.49025069637883006 0.0109375 0.06128133704735376