3 0.08105729166666667 0.43970370370370365 0.015677083333333352 0.036055555555555605
3 0.16497395833333334 0.5004351851851851 0.018505208333333335 0.03884259259259264
3 0.2560572916666667 0.47146296296296286 0.019848958333333312 0.028212962962962884
3 0.305265625 0.5291574074074075 0.021359375000000024 0.04287037037037038
3 0.2837604166666667 0.38003703703703706 0.014374999999999982 0.030287037037037123
3 0.33714062499999997 0.41361111111111104 0.015885416666666697 0.028027777777777707
3 0.38282812499999996 0.4857222222222223 0.022166666666666668 0.04197222222222226
3 0.4316197916666667 0.39013888888888887 0.014505208333333287 0.027601851851851853
3 0.45843749999999994 0.45385185185185184 0.020624999999999893 0.03645370370370371
3 0.5179843749999999 0.4076203703703704 0.010864583333333223 0.036537037037037125
3 0.5461822916666667 0.6117685185185185 0.026500000000000058 0.056574074074073936
3 0.6290052083333333 0.5238518518518518 0.027541666666666666 0.060638888888888846
3 0.6759687499999999 0.46812962962962956 0.021864583333333344 0.0474259259259259
3 0.84165625 0.5757037037037037 0.022411458333333557 0.04333333333333324
3 0.8158229166666666 0.6950462962962962 0.030192708333333228 0.06570370370370371
3 0.8837135416666666 0.42760185185185184 0.021755208333333442 0.03798148148148152