3 0.05723437499999999 0.44612037037037033 0.015546874999999998 0.03558333333333334
3 0.2229114583333333 0.4737222222222222 0.021218749999999974 0.03553703703703708
3 0.25525 0.379537037037037 0.01637500000000003 0.02911111111111116
3 0.3065885416666666 0.4482222222222222 0.016703124999999996 0.026129629629629707
3 0.3566875 0.5026018518518518 0.023781250000000042 0.04449999999999995
3 0.3325833333333333 0.3687685185185185 0.015171875000000057 0.019685185185185125
3 0.3802395833333333 0.40221296296296294 0.017052083333333367 0.026898148148148157
3 0.4291458333333333 0.46599999999999997 0.02023958333333322 0.03622222222222212
3 0.47324479166666666 0.365037037037037 0.015348958333333407 0.02842592592592597
3 0.5015052083333333 0.4718611111111111 0.01846875000000008 0.027388888888888928
3 0.563796875 0.3832129629629629 0.011557291666666636 0.030675925925925975
3 0.5965052083333333 0.5905740740740741 0.027015624999999942 0.04542592592592582
3 0.6860104166666667 0.5164444444444444 0.02791666666666668 0.05140740740740739
3 0.74771875 0.4369444444444444 0.023249999999999993 0.04375
3 0.8748333333333334 0.6810740740740739 0.03216145833333321 0.06637962962962973
3 0.9221145833333333 0.5619074074074074 0.022901041666666445 0.045101851851851886
3 0.9350885416666666 0.4642685185185186 0.024046875000000155 0.041944444444444506