0 0.91015625 0.27715877437325903 0.028125 0.05013927576601671
0 0.80390625 0.3732590529247911 0.0296875 0.055710306406685235
0 0.7625 0.3022284122562674 0.0203125 0.036211699164345405
0 0.7109375 0.38997214484679665 0.028125 0.04456824512534819
0 0.66953125 0.46935933147632314 0.03125 0.0584958217270195
0 0.6703125 0.29526462395543174 0.01875 0.036211699164345405
0 0.6140625 0.3732590529247911 0.021875 0.03899721448467967
0 0.57734375 0.4735376044568245 0.028125 0.04456824512534819
0 0.5125 0.3746518105849582 0.0203125 0.04178272980501393
0 0.48828125 0.479108635097493 0.025 0.04735376044568245
0 0.4109375 0.4582172701949861 0.0203125 0.03899721448467967
0 0.40859375 0.7005571030640668 0.040625 0.06963788300835655
0 0.29296875 0.6559888579387186 0.0375 0.06685236768802229
0 0.11484375 0.9331476323119777 0.04375 0.08356545961002786
0 0.034375 0.7896935933147632 0.025 0.07242339832869081
0 0.04296875 0.7353760445682451 0.0359375 0.06406685236768803