3 0.0375 0.6713091922005571 0.021875 0.04456824512534819
3 0.12578125 0.6058495821727019 0.025 0.04735376044568245
3 0.22421875 0.6155988857938719 0.0296875 0.052924791086350974
3 0.30546875 0.5543175487465181 0.028125 0.04456824512534819
3 0.3625 0.596100278551532 0.03125 0.0584958217270195
3 0.384375 0.4596100278551532 0.021875 0.04178272980501393
3 0.4421875 0.5097493036211699 0.028125 0.052924791086350974
3 0.46875 0.3816155988857939 0.0203125 0.03899721448467967
3 0.63515625 0.5654596100278552 0.0390625 0.06685236768802229
3 0.7 0.46518105849582175 0.0359375 0.0584958217270195
3 0.76953125 0.33008356545961004 0.03125 0.0584958217270195
3 0.946875 0.5222841225626741 0.04375 0.0807799442896936
3 0.9828125 0.3384401114206128 0.028125 0.06963788300835655
3 0.96796875 0.21587743732590528 0.01875 0.04735376044568245