1 0.9703125 0.5459610027855153 0.01875 0.04735376044568245
1 0.86171875 0.5362116991643454 0.0234375 0.036211699164345405
1 0.73515625 0.5905292479108635 0.021875 0.052924791086350974
1 0.66875 0.6573816155988857 0.0265625 0.0584958217270195
1 0.70546875 0.4958217270194986 0.0171875 0.036211699164345405
1 0.61953125 0.4805013927576602 0.0125 0.025069637883008356
1 0.6203125 0.5821727019498607 0.01875 0.03899721448467967
1 0.578125 0.5348189415041783 0.0140625 0.03064066852367688
1 0.5203125 0.6016713091922006 0.0203125 0.04735376044568245
1 0.46875 0.5027855153203342 0.015625 0.033426183844011144
1 0.4421875 0.575208913649025 0.021875 0.036211699164345405
1 0.3671875 0.552924791086351 0.0125 0.033426183844011144
1 0.340625 0.7701949860724234 0.0296875 0.06406685236768803
1 0.234375 0.66991643454039 0.0296875 0.06685236768802229
1 0.19296875 0.637883008356546 0.025 0.05013927576601671
1 0.034375 0.8857938718662952 0.040625 0.0807799442896936