2 0.06953125 0.5444444444444444 0.01875 0.04722222222222222
2 0.171875 0.4861111111111111 0.021875 0.04722222222222222
2 0.2109375 0.5416666666666666 0.0265625 0.05277777777777778
2 0.28984375 0.39444444444444443 0.01875 0.03888888888888889
2 0.32734375 0.4527777777777778 0.021875 0.041666666666666664
2 0.38671875 0.48194444444444445 0.0296875 0.058333333333333334
2 0.3515625 0.3416666666666667 0.015625 0.03333333333333333
2 0.40859375 0.3638888888888889 0.0203125 0.03333333333333333
2 0.459375 0.4125 0.021875 0.04722222222222222
2 0.48984375 0.2916666666666667 0.015625 0.03611111111111111
2 0.525 0.3472222222222222 0.021875 0.03888888888888889
2 0.5953125 0.28194444444444444 0.01875 0.03888888888888889
2 0.64921875 0.4666666666666667 0.0390625 0.06944444444444445
2 0.78671875 0.24722222222222223 0.028125 0.05555555555555555
2 0.940625 0.4444444444444444 0.0421875 0.08333333333333333
2 0.975 0.29305555555555557 0.0296875 0.06666666666666667