2 0.061812500000000006 0.4206574074074074 0.014088541666666666 0.04087037037037031
2 0.16959895833333333 0.40042592592592585 0.017052083333333322 0.035407407407407415
2 0.19894791666666664 0.46987037037037027 0.022052083333333326 0.04991666666666658
2 0.29279687499999996 0.3596018518518518 0.013687499999999986 0.03328703703703708
2 0.3563385416666666 0.34091666666666665 0.01200000000000001 0.02675925925925924
2 0.3241145833333333 0.4265 0.016755208333333372 0.03195370370370369
2 0.4073489583333333 0.3828333333333333 0.015130208333333294 0.03350000000000001
2 0.44571354166666666 0.4546481481481481 0.01640104166666667 0.03675000000000005
2 0.49196354166666667 0.3509166666666666 0.01345833333333335 0.028462962962962933
2 0.5161979166666667 0.4142962962962962 0.014572916666666736 0.028768518518518565
2 0.5901093749999999 0.3808703703703703 0.014661458333333321 0.028870370370370324
2 0.6138072916666666 0.5707962962962964 0.02599479166666665 0.049962962962962994
2 0.70034375 0.4767314814814815 0.026401041666666635 0.05321296296296304
2 0.7671770833333333 0.4281851851851851 0.021812500000000058 0.040787037037037045
2 0.8872812499999998 0.6765370370370369 0.032604166666666504 0.06587037037037047
2 0.9341927083333333 0.5367592592592593 0.031255208333333326 0.058574074074074015
2 0.95621875 0.4569537037037037 0.026661458333333242 0.04382407407407401
2 0.9653958333333332 0.4061388888888888 0.024166666666666715 0.03815740740740744