2 0.884375 0.20416666666666666 0.0203125 0.044444444444444446
2 0.79609375 0.2222222222222222 0.0203125 0.03888888888888889
2 0.7515625 0.30694444444444446 0.025 0.05555555555555555
2 0.665625 0.24027777777777778 0.0171875 0.03611111111111111
2 0.6453125 0.3277777777777778 0.0234375 0.03611111111111111
2 0.6046875 0.40694444444444444 0.0265625 0.05277777777777778
2 0.59765625 0.2513888888888889 0.015625 0.03333333333333333
2 0.553125 0.31805555555555554 0.0203125 0.044444444444444446
2 0.52265625 0.4111111111111111 0.021875 0.04722222222222222
2 0.46328125 0.3263888888888889 0.015625 0.03611111111111111
2 0.44375 0.4097222222222222 0.0234375 0.03888888888888889
2 0.365625 0.40694444444444444 0.0171875 0.03888888888888889
2 0.36796875 0.6111111111111112 0.0359375 0.06944444444444445
2 0.2765625 0.5902777777777778 0.0328125 0.06666666666666667
2 0.20703125 0.5388888888888889 0.0296875 0.05555555555555555
2 0.1125 0.8458333333333333 0.0421875 0.08333333333333333
2 0.0328125 0.7388888888888889 0.0359375 0.07222222222222222