2 0.07395833333333332 0.41252777777777777 0.04721875 0.1120925925925925
2 0.1750364583333333 0.3896944444444444 0.01583854166666665 0.0341666666666667
2 0.2052864583333333 0.4579074074074075 0.02169791666666665 0.04724999999999997
2 0.29954166666666665 0.3470648148148148 0.013088541666666753 0.03509259259259257
2 0.3639895833333333 0.3263333333333333 0.01424479166666659 0.0307314814814814
2 0.32825 0.41593518518518513 0.016953124999999947 0.03417592592592595
2 0.3753125 0.4751111111111111 0.021427083333333385 0.04544444444444448
2 0.4146197916666667 0.36799074074074073 0.016604166666666663 0.03624074074074074
2 0.45153125000000005 0.44284259259259257 0.017671875000000094 0.03981481481481476
2 0.498234375 0.33499999999999996 0.015322916666666764 0.03374074074074069
2 0.5226875 0.3983981481481481 0.01818229166666665 0.03252777777777772
2 0.5968177083333334 0.3660648148148148 0.016005208333333344 0.03687962962962968
2 0.6224635416666666 0.5558055555555554 0.0289791666666666 0.052972222222222205
2 0.7039270833333333 0.47077777777777785 0.024578125000000027 0.06068518518518526
2 0.7797760416666667 0.412787037037037 0.023197916666666707 0.0463055555555556
2 0.8991666666666667 0.6547407407407407 0.034765625 0.0717962962962962
2 0.9424114583333333 0.5245277777777777 0.0291145833333335 0.05264814814814811
2 0.9651302083333333 0.4401851851851851 0.024088541666666786 0.04674999999999996
2 0.9766406249999999 0.38902777777777775 0.026151041666666687 0.03520370370370374