0 0.95234375 0.5222841225626741 0.0171875 0.04456824512534819
0 0.86328125 0.5027855153203342 0.01875 0.036211699164345405
0 0.77734375 0.5431754874651811 0.0234375 0.04178272980501393
0 0.73203125 0.44428969359331477 0.015625 0.027855153203342618
0 0.68984375 0.5139275766016713 0.0171875 0.036211699164345405
0 0.6546875 0.4206128133704735 0.015625 0.022284122562674095
0 0.63046875 0.5682451253481894 0.025 0.05013927576601671
0 0.6015625 0.4623955431754875 0.015625 0.033426183844011144
0 0.5484375 0.532033426183844 0.0203125 0.04456824512534819
0 0.5 0.4192200557103064 0.0171875 0.03064066852367688
0 0.46953125 0.48746518105849584 0.0203125 0.033426183844011144
0 0.40234375 0.44428969359331477 0.015625 0.03899721448467967
0 0.371875 0.6740947075208914 0.0359375 0.04456824512534819
0 0.27578125 0.5710306406685237 0.0265625 0.0584958217270195
0 0.23046875 0.5111420612813371 0.0296875 0.04456824512534819
0 0.05625 0.7493036211699164 0.0359375 0.06963788300835655
0 0.03359375 0.616991643454039 0.0375 0.06963788300835655