2 0.94296875 0.25487465181058494 0.0203125 0.05013927576601671
2 0.8234375 0.2757660167130919 0.0234375 0.05013927576601671
2 0.79921875 0.3579387186629526 0.0265625 0.055710306406685235
2 0.6859375 0.2743732590529248 0.01875 0.04178272980501393
2 0.6625 0.362116991643454 0.0234375 0.04456824512534819
2 0.61875 0.4387186629526462 0.028125 0.052924791086350974
2 0.615625 0.2799442896935933 0.015625 0.033426183844011144
2 0.56484375 0.3412256267409471 0.0203125 0.04456824512534819
2 0.53359375 0.43175487465181056 0.0234375 0.052924791086350974
2 0.47421875 0.3370473537604457 0.0171875 0.03899721448467967
2 0.45234375 0.41643454038997213 0.0234375 0.03899721448467967
2 0.37421875 0.403899721448468 0.0203125 0.04735376044568245
2 0.36875 0.6142061281337048 0.0359375 0.07242339832869081
2 0.271875 0.5543175487465181 0.0328125 0.06685236768802229
2 0.18515625 0.5250696378830083 0.0328125 0.0584958217270195
2 0.096875 0.8133704735376045 0.046875 0.08913649025069638
2 0.0265625 0.6963788300835655 0.034375 0.07242339832869081