1 0.05228124999999999 0.5483703703703704 0.015749999999999997 0.04022222222222227
1 0.148640625 0.5341851851851851 0.020348958333333344 0.03020370370370355
1 0.2630572916666667 0.5750462962962962 0.018635416666666682 0.04499074074074072
1 0.32309895833333335 0.63075 0.023218749999999934 0.05050000000000002
1 0.28774479166666667 0.4898703703703703 0.01417187499999999 0.03238888888888896
1 0.36450520833333333 0.47104629629629624 0.011421875000000003 0.02194444444444454
1 0.36502083333333335 0.5620277777777777 0.016026041666666657 0.0330648148148149
1 0.4021979166666666 0.5164722222222221 0.01258854166666672 0.025824074074074114
1 0.4552447916666667 0.5738888888888888 0.017416666666666636 0.040379629629629536
1 0.49902604166666664 0.48261111111111116 0.013979166666666565 0.029879629629629614
1 0.5246458333333333 0.5454722222222222 0.018677083333333223 0.030574074074074056
1 0.5909427083333332 0.5210092592592592 0.01103645833333342 0.02908333333333341
1 0.6186666666666666 0.7141574074074073 0.02514062500000005 0.054666666666666607
1 0.7112708333333334 0.6188425925925926 0.024916666666666743 0.057694444444444395
1 0.7482135416666666 0.5870277777777777 0.022026041666666708 0.044203703703703766
1 0.8939270833333332 0.7993518518518518 0.034531250000000215 0.07087962962962958
1 0.931640625 0.6407592592592593 0.0295781250000001 0.04446296296296295
1 0.9727708333333333 0.5605925925925926 0.022567708333333415 0.038101851851851935