1 0.95234375 0.4623955431754875 0.0140625 0.036211699164345405
1 0.8546875 0.4456824512534819 0.021875 0.033426183844011144
1 0.7484375 0.479108635097493 0.0171875 0.04178272980501393
1 0.68515625 0.5571030640668524 0.0234375 0.04456824512534819
1 0.715625 0.4011142061281337 0.0171875 0.03064066852367688
1 0.6390625 0.4818941504178273 0.0125 0.027855153203342618
1 0.63671875 0.383008356545961 0.0125 0.025069637883008356
1 0.54375 0.4818941504178273 0.015625 0.03899721448467967
1 0.5015625 0.39136490250696376 0.0140625 0.027855153203342618
1 0.4765625 0.45403899721448465 0.01875 0.033426183844011144
1 0.40859375 0.42896935933147634 0.0109375 0.027855153203342618
1 0.3828125 0.6211699164345403 0.0265625 0.052924791086350974
1 0.29140625 0.5222841225626741 0.0265625 0.0584958217270195
1 0.25 0.49303621169916434 0.0234375 0.04178272980501393
1 0.0671875 0.5459610027855153 0.0296875 0.04178272980501393