3 0.11334375 0.43977777777777777 0.016098958333333347 0.032314814814814796
3 0.19965104166666664 0.4855648148148148 0.020374999999999987 0.042574074074074035
3 0.27613541666666663 0.4635648148148148 0.02003645833333332 0.0294351851851851
3 0.30083333333333334 0.36811111111111106 0.013468749999999918 0.02768518518518515
3 0.32551041666666664 0.5147777777777778 0.020343749999999973 0.04812962962962959
3 0.35142708333333333 0.4164444444444444 0.014973958333333304 0.030666666666666724
3 0.43926041666666665 0.3703888888888888 0.012260416666666708 0.029092592592592503
3 0.4727291666666666 0.4464444444444444 0.020359374999999957 0.032064814814814865
3 0.5655572916666666 0.6056759259259259 0.032052083333333314 0.047287037037036975
3 0.8414322916666667 0.6805833333333333 0.029140624999999788 0.06515740740740728
3 0.6494895833333333 0.518898148148148 0.027291666666666714 0.050444444444444514
3 0.6988072916666667 0.45873148148148146 0.023265624999999977 0.04206481481481477
3 0.8725260416666666 0.49805555555555553 0.025588541666666843 0.044435185185185196
3 0.9069270833333333 0.4186944444444444 0.023213541666666872 0.03771296296296293