2 0.1078125 0.3635097493036212 0.0125 0.04178272980501393
2 0.1984375 0.34818941504178275 0.0171875 0.036211699164345405
2 0.2265625 0.4206128133704735 0.0234375 0.04735376044568245
2 0.32265625 0.32172701949860727 0.0140625 0.033426183844011144
2 0.38515625 0.3022284122562674 0.0125 0.03064066852367688
2 0.346875 0.3955431754874652 0.01875 0.03064066852367688
2 0.39765625 0.44846796657381616 0.021875 0.04735376044568245
2 0.4359375 0.35236768802228413 0.015625 0.033426183844011144
2 0.47421875 0.4233983286908078 0.015625 0.03899721448467967
2 0.52109375 0.3245125348189415 0.0125 0.03064066852367688
2 0.5453125 0.39136490250696376 0.01875 0.033426183844011144
2 0.62109375 0.3607242339832869 0.015625 0.033426183844011144
2 0.63984375 0.5668523676880223 0.028125 0.055710306406685235
2 0.725 0.5055710306406686 0.025 0.055710306406685235
2 0.78671875 0.43175487465181056 0.0234375 0.04735376044568245
2 0.91328125 0.6796657381615598 0.0375 0.07799442896935933
2 0.975 0.5543175487465181 0.03125 0.06128133704735376
2 0.99453125 0.47075208913649025 0.0109375 0.05013927576601671