1 0.030328125 0.5921296296296296 0.01373958333333333 0.04220370370370369
1 0.13161979166666668 0.5768796296296296 0.020963541666666696 0.029666666666666685
1 0.24174479166666663 0.6149722222222221 0.01551562500000001 0.04504629629629638
1 0.2721614583333333 0.5389722222222222 0.01323958333333337 0.028731481481481403
1 0.33777604166666664 0.520962962962963 0.013885416666666739 0.02540740740740751
1 0.3588125 0.6527222222222223 0.019687499999999948 0.04570370370370366
1 0.38898958333333333 0.5583425925925926 0.012692708333333247 0.033351851851851834
1 0.46559895833333337 0.6190740740740741 0.014916666666666778 0.03707407407407399
1 0.481859375 0.5336296296296297 0.013343749999999942 0.026981481481481575
1 0.5095833333333333 0.5949629629629629 0.01619270833333335 0.03152777777777768
1 0.5764114583333333 0.5736666666666667 0.0102291666666666 0.024787037037037073
1 0.603296875 0.7684074074074074 0.0246822916666666 0.05807407407407399
1 0.6895781249999999 0.6831574074074074 0.025119791666666735 0.0525555555555556
1 0.732125 0.6406666666666666 0.022328124999999942 0.04363888888888899
1 0.8789322916666666 0.8737592592592591 0.03780729166666674 0.07073148148148158
1 0.9175520833333334 0.7742407407407407 0.034901041666666896 0.06181481481481481
1 0.9149531249999999 0.6921018518518518 0.029953125000000115 0.03505555555555541
1 0.9501197916666666 0.6196018518518518 0.02243229166666687 0.036527777777777874