0 0.92109375 0.3997214484679666 0.021875 0.03899721448467967
0 0.82890625 0.43036211699164345 0.025 0.04735376044568245
0 0.79453125 0.33008356545961004 0.015625 0.036211699164345405
0 0.7453125 0.39275766016713093 0.0203125 0.027855153203342618
0 0.6859375 0.44428969359331477 0.0265625 0.052924791086350974
0 0.66015625 0.33008356545961004 0.0171875 0.036211699164345405
0 0.60859375 0.40668523676880225 0.0203125 0.04178272980501393
0 0.53203125 0.3649025069637883 0.021875 0.036211699164345405
0 0.56171875 0.2827298050139276 0.0171875 0.033426183844011144
0 0.45859375 0.3064066852367688 0.0140625 0.033426183844011144
0 0.4203125 0.5222841225626741 0.0328125 0.0584958217270195
0 0.3359375 0.40807799442896936 0.0328125 0.0584958217270195
0 0.2875 0.3412256267409471 0.0265625 0.04735376044568245
0 0.1125 0.5696378830083565 0.0328125 0.07799442896935933
0 0.0859375 0.4387186629526462 0.0375 0.0584958217270195
0 0.0953125 0.34401114206128136 0.0328125 0.052924791086350974
0 0.053125 0.27158774373259054 0.028125 0.04456824512534819