1 0.031114583333333334 0.5696111111111111 0.013500000000000002 0.03763888888888892
1 0.13389062499999999 0.5568981481481482 0.019718750000000007 0.03527777777777775
1 0.24163541666666663 0.5875462962962963 0.019656249999999976 0.04385185185185176
1 0.2756354166666667 0.515962962962963 0.0132447916666667 0.0313055555555555
1 0.36259895833333333 0.6306388888888889 0.025088541666666676 0.04651851851851853
1 0.3384114583333333 0.5000185185185185 0.01323958333333337 0.024694444444444564
1 0.39145833333333335 0.5380833333333332 0.014645833333333247 0.034277777777777706
1 0.4665885416666667 0.5988796296296296 0.016968750000000022 0.03958333333333333
1 0.4875781249999999 0.5056574074074074 0.014578125000000063 0.030981481481481568
1 0.512671875 0.5744444444444444 0.019166666666666644 0.032453703703703714
1 0.5771041666666666 0.5524814814814815 0.010307291666666708 0.027768518518518526
1 0.604328125 0.7479814814814815 0.024796875000000006 0.055861111111111146
1 0.6920520833333332 0.6593611111111112 0.02471354166666657 0.05575925925925923
1 0.7335572916666667 0.6151203703703704 0.02130729166666665 0.04472222222222213
1 0.9159270833333333 0.7504999999999998 0.03407812499999992 0.06331481481481502
1 0.9166874999999999 0.666787037037037 0.03181249999999984 0.032712962962962895
1 0.950984375 0.5984999999999999 0.02258854166666673 0.034083333333333285