0 0.9640625 0.6337047353760445 0.01875 0.04456824512534819
0 0.878125 0.5821727019498607 0.01875 0.04178272980501393
0 0.77734375 0.5877437325905293 0.0265625 0.052924791086350974
0 0.75703125 0.49442896935933145 0.0171875 0.036211699164345405
0 0.6875 0.4428969359331476 0.015625 0.03064066852367688
0 0.65 0.5766016713091922 0.025 0.05013927576601671
0 0.57265625 0.5181058495821727 0.021875 0.036211699164345405
0 0.63125 0.46518105849582175 0.0171875 0.033426183844011144
0 0.5125 0.45403899721448465 0.0203125 0.036211699164345405
0 0.540625 0.39275766016713093 0.01875 0.033426183844011144
0 0.44921875 0.3871866295264624 0.0203125 0.03899721448467967
0 0.39296875 0.5905292479108635 0.034375 0.055710306406685235
0 0.31328125 0.467966573816156 0.03125 0.06128133704735376
0 0.09765625 0.5612813370473537 0.040625 0.0807799442896936
0 0.27890625 0.3997214484679666 0.0265625 0.05013927576601671
0 0.08359375 0.4387186629526462 0.0375 0.052924791086350974
0 0.09375 0.362116991643454 0.0296875 0.04456824512534819
0 0.06171875 0.2785515320334262 0.0296875 0.04456824512534819