3 0.10954166666666665 0.41048148148148145 0.018692708333333342 0.03984259259259251
3 0.20557291666666666 0.45812037037037034 0.022036458333333363 0.04584259259259259
3 0.29120833333333335 0.43408333333333327 0.019869791666666713 0.031074074074074077
3 0.327078125 0.48792592592592593 0.025046874999999958 0.045740740740740825
3 0.3015104166666666 0.34712962962962957 0.01356770833333334 0.0318888888888889
3 0.40008333333333324 0.44325 0.02018749999999998 0.03887962962962964
3 0.44414583333333335 0.34840740740740733 0.013807291666666721 0.02641666666666664
3 0.4776770833333333 0.41727777777777775 0.019156249999999986 0.030749999999999982
3 0.5635104166666667 0.5750555555555555 0.02652604166666652 0.04787037037037041
3 0.6604479166666666 0.4939537037037037 0.02754687499999999 0.05642592592592592
3 0.835546875 0.6592777777777777 0.036687500000000026 0.06040740740740742
3 0.8770781249999999 0.54275 0.0273802083333333 0.06294444444444451
3 0.9079999999999998 0.39393518518518517 0.024479166666666784 0.03709259259259265