1 0.91875 0.6402777777777777 0.0234375 0.03333333333333333
1 0.80703125 0.6611111111111111 0.0203125 0.044444444444444446
1 0.778125 0.5819444444444445 0.0171875 0.030555555555555555
1 0.67578125 0.675 0.025 0.05277777777777778
1 0.5640625 0.6208333333333333 0.0171875 0.044444444444444446
1 0.55390625 0.5319444444444444 0.015625 0.030555555555555555
1 0.5203125 0.5888888888888889 0.021875 0.03333333333333333
1 0.45390625 0.5513888888888889 0.0140625 0.03333333333333333
1 0.428125 0.7625 0.03125 0.05555555555555555
1 0.33359375 0.6444444444444445 0.028125 0.058333333333333334
1 0.28828125 0.5944444444444444 0.025 0.05277777777777778
1 0.1328125 0.8097222222222222 0.034375 0.075
1 0.09296875 0.6958333333333333 0.040625 0.07222222222222222
1 0.09765625 0.6138888888888889 0.034375 0.041666666666666664
1 0.065625 0.5305555555555556 0.0265625 0.04722222222222222