2 0.92578125 0.6392757660167131 0.0234375 0.052924791086350974
2 0.80234375 0.552924791086351 0.028125 0.05013927576601671
2 0.7609375 0.6142061281337048 0.0296875 0.06128133704735376
2 0.67578125 0.44428969359331477 0.01875 0.04456824512534819
2 0.609375 0.38997214484679665 0.01875 0.04178272980501393
2 0.63359375 0.5083565459610028 0.0265625 0.04735376044568245
2 0.5703125 0.5459610027855153 0.0328125 0.06128133704735376
2 0.55 0.40947075208913647 0.021875 0.04735376044568245
2 0.49453125 0.46657381615598886 0.025 0.05013927576601671
2 0.46015625 0.33008356545961004 0.0203125 0.04456824512534819
2 0.41953125 0.3871866295264624 0.025 0.04456824512534819
2 0.2875 0.5139275766016713 0.0421875 0.07242339832869081
2 0.209375 0.3746518105849582 0.034375 0.07242339832869081
2 0.13828125 0.27298050139275765 0.03125 0.06128133704735376