2 0.14296875 0.2075208913649025 0.0171875 0.04456824512534819
2 0.2328125 0.22841225626740946 0.0203125 0.04178272980501393
2 0.25078125 0.30919220055710306 0.028125 0.055710306406685235
2 0.35703125 0.25348189415041783 0.0171875 0.03899721448467967
2 0.41953125 0.2590529247910863 0.015625 0.033426183844011144
2 0.3703125 0.3342618384401114 0.021875 0.036211699164345405
2 0.41328125 0.4052924791086351 0.028125 0.055710306406685235
2 0.4625 0.32729805013927576 0.01875 0.036211699164345405
2 0.490625 0.41225626740947074 0.0203125 0.04456824512534819
2 0.5484375 0.3342618384401114 0.0171875 0.036211699164345405
2 0.56328125 0.40947075208913647 0.021875 0.03899721448467967
2 0.640625 0.40947075208913647 0.01875 0.03899721448467967
2 0.6328125 0.616991643454039 0.034375 0.06406685236768803
2 0.7234375 0.5919220055710307 0.03125 0.06128133704735376
2 0.7921875 0.5445682451253482 0.028125 0.052924791086350974
2 0.884375 0.8356545961002786 0.0453125 0.08913649025069638
2 0.959375 0.7395543175487466 0.0375 0.06963788300835655
2 0.98828125 0.6657381615598886 0.015625 0.052924791086350974