3 0.11836458333333333 0.44415740740740733 0.013317708333333345 0.042388888888888865
3 0.20490624999999998 0.49027777777777776 0.020572916666666673 0.049083333333333375
3 0.23158854166666662 0.4051388888888889 0.01513020833333334 0.03010185185185179
3 0.2821770833333333 0.470287037037037 0.02446875000000004 0.03146296296296293
3 0.33053125 0.5218888888888888 0.022562499999999996 0.04691666666666679
3 0.30543229166666663 0.3762777777777777 0.015645833333333314 0.03011111111111104
3 0.35883333333333334 0.41832407407407407 0.01776041666666659 0.030953703703703657
3 0.40459375 0.4845833333333333 0.019385416666666665 0.03647222222222221
3 0.4458854166666667 0.37763888888888886 0.012609375000000079 0.029777777777777695
3 0.5398697916666666 0.4008703703703704 0.015510416666666771 0.033842592592592605
3 0.5702916666666666 0.6087314814814815 0.02894791666666663 0.05172222222222208
3 0.7271927083333333 0.4485462962962963 0.02222395833333337 0.04324999999999998
3 0.8476510416666667 0.6802777777777778 0.03672916666666666 0.0652407407407407
3 0.885546875 0.5493333333333333 0.02922916666666673 0.05642592592592592
3 0.8728177083333332 0.47285185185185186 0.018468749999999902 0.0404351851851852
3 0.9131614583333333 0.42790740740740735 0.0241093750000001 0.03210185185185187