2 0.03828125 0.5682451253481894 0.0203125 0.04735376044568245
2 0.1609375 0.5097493036211699 0.0234375 0.052924791086350974
2 0.20390625 0.5598885793871866 0.0296875 0.0584958217270195
2 0.29921875 0.40807799442896936 0.01875 0.03899721448467967
2 0.33984375 0.4832869080779944 0.0265625 0.04456824512534819
2 0.39609375 0.5264623955431755 0.0296875 0.06406685236768803
2 0.3640625 0.3732590529247911 0.0203125 0.03899721448467967
2 0.4265625 0.3997214484679666 0.021875 0.04178272980501393
2 0.48203125 0.44846796657381616 0.0234375 0.04735376044568245
2 0.5171875 0.3328690807799443 0.0203125 0.03899721448467967
2 0.55234375 0.3955431754874652 0.025 0.04735376044568245
2 0.6296875 0.3286908077994429 0.0203125 0.04456824512534819
2 0.67734375 0.5362116991643454 0.0359375 0.07520891364902507
2 0.76015625 0.415041782729805 0.034375 0.07520891364902507
2 0.8390625 0.3245125348189415 0.028125 0.055710306406685235
2 0.9875 0.5557103064066853 0.025 0.09192200557103064