2 0.87421875 0.6142061281337048 0.01875 0.04735376044568245
2 0.7875 0.5501392757660167 0.0203125 0.03899721448467967
2 0.6984375 0.5584958217270195 0.0265625 0.05013927576601671
2 0.66171875 0.4387186629526462 0.0171875 0.03899721448467967
2 0.61796875 0.5055710306406686 0.021875 0.04456824512534819
2 0.5984375 0.38857938718662954 0.015625 0.036211699164345405
2 0.5609375 0.5389972144846796 0.0296875 0.0584958217270195
2 0.5390625 0.40947075208913647 0.021875 0.04456824512534819
2 0.453125 0.33147632311977715 0.015625 0.036211699164345405
2 0.48359375 0.46518105849582175 0.0234375 0.04735376044568245
2 0.41015625 0.36908077994428967 0.021875 0.04178272980501393
2 0.340625 0.30779944289693595 0.01875 0.036211699164345405
2 0.28203125 0.5083565459610028 0.0359375 0.06685236768802229
2 0.2015625 0.3969359331476323 0.034375 0.06963788300835655
2 0.15703125 0.2743732590529248 0.0296875 0.0584958217270195