3 0.78671875 0.628133704735376 0.0234375 0.04456824512534819
3 0.77109375 0.520891364902507 0.0171875 0.03899721448467967
3 0.70390625 0.47214484679665736 0.015625 0.03064066852367688
3 0.709375 0.5766016713091922 0.021875 0.03899721448467967
3 0.6609375 0.6030640668523677 0.025 0.052924791086350974
3 0.63125 0.4832869080779944 0.01875 0.036211699164345405
3 0.59140625 0.5431754874651811 0.021875 0.04456824512534819
3 0.5625 0.41225626740947074 0.015625 0.033426183844011144
3 0.46875 0.3997214484679666 0.015625 0.036211699164345405
3 0.41171875 0.5919220055710307 0.03125 0.06128133704735376
3 0.334375 0.46935933147632314 0.028125 0.055710306406685235
3 0.27421875 0.37047353760445684 0.025 0.04456824512534819
3 0.1421875 0.5598885793871866 0.0390625 0.06685236768802229
3 0.103125 0.40947075208913647 0.034375 0.06406685236768803
3 0.1046875 0.3161559888579387 0.03125 0.055710306406685235