1 0.96015625 0.45416666666666666 0.025 0.03611111111111111
1 0.84765625 0.5 0.0203125 0.05
1 0.8078125 0.4236111111111111 0.01875 0.03333333333333333
1 0.70625 0.5430555555555555 0.0265625 0.05277777777777778
1 0.6640625 0.4375 0.0171875 0.03888888888888889
1 0.5828125 0.5111111111111111 0.01875 0.041666666666666664
1 0.56484375 0.4111111111111111 0.015625 0.03611111111111111
1 0.46171875 0.4625 0.0125 0.025
1 0.4421875 0.6833333333333333 0.0296875 0.05277777777777778
1 0.3390625 0.5791666666666667 0.0296875 0.058333333333333334
1 0.2859375 0.5333333333333333 0.028125 0.044444444444444446
1 0.1421875 0.7944444444444444 0.0390625 0.07222222222222222
1 0.0921875 0.6819444444444445 0.0390625 0.06944444444444445
1 0.05625 0.5166666666666667 0.0265625 0.03888888888888889