1 0.10198958333333333 0.4648981481481481 0.021453124999999997 0.030685185185185225
1 0.20436979166666663 0.4972407407407407 0.016656250000000018 0.04292592592592589
1 0.23799479166666665 0.4242314814814815 0.01551562500000001 0.02743518518518518
1 0.3323645833333333 0.5235370370370369 0.022385416666666647 0.04600925925925926
1 0.3676770833333333 0.42540740740740735 0.014302083333333382 0.034259259259259205
1 0.4425989583333333 0.4846018518518518 0.015171875000000057 0.03687037037037031
1 0.45615625 0.3935185185185185 0.013114583333333308 0.03026851851851862
1 0.54971875 0.43013888888888885 0.01115104166666665 0.021500000000000026
1 0.573515625 0.6278425925925926 0.025703124999999893 0.046185185185185336
1 0.6637395833333334 0.5255092592592592 0.025088541666666762 0.050212962962962925
1 0.71015625 0.47936111111111107 0.02376041666666655 0.03860185185185196
1 0.8463385416666667 0.7027777777777777 0.03272916666666674 0.06150925925925929
1 0.8882395833333334 0.5969074074074073 0.03280208333333334 0.05852777777777776
1 0.9157656249999999 0.4448148148148148 0.02363020833333316 0.033175925925925914