0 0.07109375 0.45264623955431754 0.0234375 0.03064066852367688
0 0.18984375 0.49303621169916434 0.021875 0.05013927576601671
0 0.21796875 0.39415041782729804 0.0140625 0.036211699164345405
0 0.265625 0.467966573816156 0.0171875 0.025069637883008356
0 0.325 0.5278551532033426 0.0234375 0.052924791086350974
0 0.3015625 0.37186629526462395 0.0125 0.03064066852367688
0 0.35859375 0.415041782729805 0.015625 0.033426183844011144
0 0.41328125 0.4972144846796657 0.01875 0.03064066852367688
0 0.46328125 0.3774373259052925 0.015625 0.025069637883008356
0 0.56484375 0.40668523676880225 0.0140625 0.03064066852367688
0 0.48515625 0.45125348189415043 0.01875 0.03064066852367688
0 0.59609375 0.6434540389972145 0.028125 0.06128133704735376
0 0.6984375 0.5473537604456824 0.028125 0.052924791086350974
0 0.7453125 0.4860724233983287 0.0265625 0.04456824512534819
0 0.91796875 0.7353760445682451 0.034375 0.07520891364902507
0 0.946875 0.6100278551532033 0.0328125 0.04735376044568245
0 0.990625 0.4387186629526462 0.01875 0.04178272980501393