0 0.0390625 0.4305555555555556 0.0171875 0.044444444444444446
0 0.11953125 0.4166666666666667 0.021875 0.03888888888888889
0 0.2234375 0.4625 0.021875 0.041666666666666664
0 0.25234375 0.38472222222222224 0.015625 0.027777777777777776
0 0.3078125 0.4444444444444444 0.021875 0.03333333333333333
0 0.35390625 0.4986111111111111 0.0234375 0.044444444444444446
0 0.3328125 0.34444444444444444 0.0140625 0.027777777777777776
0 0.3921875 0.39305555555555555 0.0171875 0.027777777777777776
0 0.43515625 0.46805555555555556 0.021875 0.03333333333333333
0 0.48125 0.35833333333333334 0.015625 0.03333333333333333
0 0.51484375 0.44027777777777777 0.01875 0.03611111111111111
0 0.58125 0.3958333333333333 0.015625 0.030555555555555555
0 0.6109375 0.6083333333333333 0.03125 0.05277777777777778
0 0.70703125 0.5263888888888889 0.028125 0.05277777777777778
0 0.896875 0.7055555555555556 0.0328125 0.06666666666666667
0 0.959375 0.5513888888888889 0.03125 0.06388888888888888
0 0.97578125 0.43333333333333335 0.025 0.03888888888888889
0 0.9375 0.5055555555555555 0.028125 0.05