2 0.09501041666666665 0.43064814814814817 0.01605729166666666 0.043527777777777825
2 0.20761979166666666 0.4034537037037037 0.01735937500000002 0.03850000000000004
2 0.23821354166666664 0.46881481481481474 0.023979166666666617 0.045092592592592635
2 0.3284947916666667 0.3573703703703703 0.014374999999999982 0.032935185185185234
2 0.35584375 0.42696296296296293 0.01742708333333338 0.03257407407407398
2 0.4059895833333333 0.4799351851851852 0.02496875000000003 0.046388888888888855
2 0.39067708333333334 0.3365185185185185 0.01153645833333341 0.02780555555555553
2 0.44244270833333327 0.37237962962962967 0.013343749999999942 0.033175925925925914
2 0.47929166666666667 0.44246296296296295 0.01697395833333335 0.03795370370370377
2 0.6224010416666667 0.3667499999999999 0.016281250000000115 0.03839814814814816
2 0.6497239583333333 0.5548333333333334 0.02826562500000005 0.060777777777777924
2 0.73484375 0.47088888888888886 0.02592708333333338 0.05460185185185177
2 0.8082447916666666 0.4064629629629629 0.024557291666666713 0.05101851851851854
2 0.926796875 0.6460092592592592 0.0360468749999999 0.06910185185185201
2 0.9773229166666667 0.5140277777777778 0.028317708333333157 0.0661018518518519