2 0.052468749999999995 0.42184259259259255 0.015729166666666662 0.03908333333333332
2 0.16321354166666666 0.4035277777777777 0.017213541666666644 0.04004629629629635
2 0.195078125 0.4595462962962963 0.02103645833333332 0.04204629629629627
2 0.2898229166666667 0.36020370370370364 0.0128541666666667 0.02920370370370367
2 0.31555729166666663 0.43327777777777776 0.015598958333333357 0.03368518518518518
2 0.3488072916666667 0.34097222222222223 0.013333333333333286 0.030157407407407452
2 0.36286979166666666 0.4843425925925926 0.018088541666666645 0.04478703703703704
2 0.4024166666666666 0.38362037037037033 0.016552083333333335 0.033870370370370356
2 0.4421458333333333 0.4432407407407407 0.016000000000000014 0.042398148148148115
2 0.48475 0.3511111111111111 0.011864583333333378 0.029388888888888923
2 0.5107135416666667 0.4120833333333333 0.01627604166666661 0.030425925925925888
2 0.5834947916666666 0.37724074074074077 0.012557291666666793 0.03285185185185181
2 0.6081770833333333 0.5708888888888889 0.02759374999999995 0.05533333333333338
2 0.687890625 0.4886944444444444 0.024260416666666628 0.05088888888888887
2 0.7621458333333333 0.43011111111111106 0.018598958333333294 0.03680555555555556
2 0.8680260416666666 0.6637777777777777 0.031302083333333286 0.05865740740740727
2 0.9246145833333334 0.5367407407407406 0.02489583333333343 0.05724999999999988
2 0.9444166666666666 0.45476851851851846 0.02733854166666667 0.04617592592592593
2 0.9568958333333333 0.4048148148148148 0.0249635416666667 0.03680555555555556