0 0.035140624999999995 0.4625555555555555 0.014083333333333326 0.03772222222222218
0 0.12177604166666667 0.4447592592592592 0.014031249999999985 0.03443518518518513
0 0.216390625 0.4868240740740741 0.021510416666666643 0.04339814814814815
0 0.24567187499999998 0.4054907407407407 0.013802083333333303 0.030712962962962977
0 0.317453125 0.3816666666666666 0.012510416666666658 0.025796296296296362
0 0.33740625 0.5214814814814815 0.0198854166666667 0.04183333333333334
0 0.41712499999999997 0.4940462962962963 0.01804166666666678 0.029787037037037105
0 0.3676614583333333 0.4225277777777777 0.013859374999999919 0.02822222222222229
0 0.48121354166666663 0.4547592592592592 0.016567708333333365 0.029518518518518513
0 0.46152604166666666 0.38722222222222213 0.014333333333333264 0.02823148148148154
0 0.5482604166666667 0.4150555555555555 0.016473958333333448 0.03153703703703693
0 0.5779010416666666 0.6261203703703704 0.02787500000000005 0.04517592592592589
0 0.6669479166666666 0.5383425925925925 0.024973958333333178 0.05153703703703706
0 0.8600937500000001 0.7038055555555556 0.03205729166666664 0.06612962962962972
0 0.7073802083333334 0.4874444444444445 0.02074479166666663 0.04097222222222222
0 0.8870312499999999 0.5935277777777778 0.0324583333333333 0.0400185185185186
0 0.8859479166666666 0.5172870370370369 0.024869791666666786 0.03379629629629635
0 0.9257395833333334 0.4503148148148148 0.024317708333333243 0.03575925925925926