0 0.9578125 0.6657381615598886 0.0203125 0.04456824512534819
0 0.8703125 0.6100278551532033 0.0203125 0.04178272980501393
0 0.778125 0.616991643454039 0.025 0.05013927576601671
0 0.74765625 0.5125348189415042 0.01875 0.036211699164345405
0 0.6328125 0.5919220055710307 0.028125 0.06406685236768803
0 0.675 0.45264623955431754 0.015625 0.033426183844011144
0 0.6140625 0.47214484679665736 0.01875 0.033426183844011144
0 0.55390625 0.5222841225626741 0.025 0.04735376044568245
0 0.51953125 0.39275766016713093 0.01875 0.033426183844011144
0 0.490625 0.4582172701949861 0.021875 0.03899721448467967
0 0.42109375 0.383008356545961 0.01875 0.036211699164345405
0 0.36171875 0.6016713091922006 0.034375 0.0584958217270195
0 0.2796875 0.4610027855153203 0.034375 0.06128133704735376
0 0.2421875 0.3871866295264624 0.028125 0.052924791086350974
0 0.0484375 0.5487465181058496 0.0453125 0.08635097493036212
0 0.0375 0.43036211699164345 0.040625 0.06685236768802229
0 0.02421875 0.24930362116991645 0.0125 0.04178272980501393
0 0.0390625 0.3328690807799443 0.0328125 0.04178272980501393