3 0.10398437499999999 0.4554444444444444 0.017041666666666656 0.03643518518518521
3 0.18605729166666668 0.502361111111111 0.020026041666666706 0.04381481481481476
3 0.21607812499999998 0.412037037037037 0.015895833333333352 0.032935185185185234
3 0.2709947916666666 0.47597222222222213 0.016697916666666666 0.030453703703703795
3 0.3208229166666666 0.5277685185185186 0.021380208333333338 0.04546296296296282
3 0.29691666666666666 0.381287037037037 0.014114583333333286 0.027740740740740774
3 0.35260416666666666 0.4226759259259259 0.015989583333333356 0.03429629629629621
3 0.3947395833333333 0.49377777777777776 0.021031250000000057 0.04055555555555546
3 0.442765625 0.3858981481481481 0.015677083333333286 0.028768518518518565
3 0.46782291666666664 0.43071296296296296 0.018281249999999895 0.03219444444444437
3 0.5618333333333333 0.6127499999999999 0.027963541666666637 0.049564814814814735
3 0.6468281250000001 0.5322037037037036 0.025765624999999837 0.060527777777777673
3 0.6926875 0.46420370370370373 0.02236458333333342 0.05232407407407417
3 0.8424114583333333 0.6893703703703703 0.032447916666666646 0.0652592592592592
3 0.8720104166666666 0.5779629629629629 0.03173437499999991 0.05699999999999995
3 0.902390625 0.42843518518518514 0.024447916666666812 0.03611111111111111