3 0.9703125 0.37186629526462395 0.0171875 0.04735376044568245
3 0.871875 0.3565459610027855 0.0265625 0.04178272980501393
3 0.771875 0.4192200557103064 0.028125 0.05013927576601671
3 0.73203125 0.33008356545961004 0.015625 0.04178272980501393
3 0.6734375 0.3997214484679666 0.028125 0.036211699164345405
3 0.6140625 0.4637883008356546 0.03125 0.05013927576601671
3 0.57734375 0.34958217270194986 0.01875 0.03899721448467967
3 0.5328125 0.4331476323119777 0.025 0.04178272980501393
3 0.4796875 0.3203342618384401 0.015625 0.036211699164345405
3 0.4578125 0.4178272980501393 0.0234375 0.033426183844011144
3 0.34609375 0.5877437325905293 0.0359375 0.0584958217270195
3 0.240625 0.5194986072423399 0.03125 0.07242339832869081
3 0.1734375 0.4233983286908078 0.0234375 0.05013927576601671
3 0.025 0.7103064066852368 0.04375 0.07799442896935933