3 0.88984375 0.49027777777777776 0.0171875 0.03611111111111111
3 0.8 0.5236111111111111 0.0234375 0.044444444444444446
3 0.7234375 0.49722222222222223 0.01875 0.027777777777777776
3 0.67265625 0.5444444444444444 0.021875 0.04722222222222222
3 0.64765625 0.44027777777777777 0.0140625 0.03333333333333333
3 0.7 0.39861111111111114 0.0140625 0.030555555555555555
3 0.55546875 0.39444444444444443 0.015625 0.03333333333333333
3 0.525 0.46944444444444444 0.0203125 0.030555555555555555
3 0.43046875 0.6180555555555556 0.0296875 0.05277777777777778
3 0.34453125 0.5347222222222222 0.0296875 0.058333333333333334
3 0.30234375 0.4652777777777778 0.0234375 0.044444444444444446
3 0.15234375 0.6791666666666667 0.034375 0.06666666666666667
3 0.13046875 0.5680555555555555 0.0265625 0.05555555555555555
3 0.12734375 0.48055555555555557 0.0296875 0.041666666666666664
3 0.0921875 0.4125 0.025 0.03888888888888889