3 0.0234375 0.658774373259053 0.021875 0.05013927576601671
3 0.1109375 0.5877437325905293 0.025 0.04456824512534819
3 0.203125 0.6086350974930362 0.028125 0.05013927576601671
3 0.22890625 0.5027855153203342 0.0203125 0.04178272980501393
3 0.290625 0.5459610027855153 0.0234375 0.04456824512534819
3 0.3515625 0.5821727019498607 0.028125 0.055710306406685235
3 0.365625 0.45125348189415043 0.0203125 0.04178272980501393
3 0.42421875 0.5069637883008357 0.028125 0.04735376044568245
3 0.45859375 0.3788300835654596 0.01875 0.036211699164345405
3 0.5046875 0.4401114206128134 0.0203125 0.04178272980501393
3 0.55703125 0.3565459610027855 0.0203125 0.03899721448467967
3 0.61953125 0.5654596100278552 0.0328125 0.06406685236768803
3 0.71171875 0.4373259052924791 0.0328125 0.06685236768802229
3 0.759375 0.33008356545961004 0.0328125 0.055710306406685235
3 0.928125 0.5264623955431755 0.04375 0.0807799442896936
3 0.965625 0.37186629526462395 0.0359375 0.06685236768802229
3 0.959375 0.2785515320334262 0.0296875 0.052924791086350974