1 0.05109895833333333 0.40911111111111104 0.01484375 0.03371296296296293
1 0.15042187499999998 0.39113888888888887 0.02075 0.030805555555555485
1 0.2547760416666667 0.4218333333333333 0.018953124999999994 0.04250000000000003
1 0.3102395833333333 0.49560185185185185 0.02315104166666666 0.052462962962962933
1 0.28651041666666666 0.3440925925925926 0.01381249999999996 0.03212962962962966
1 0.36523958333333334 0.40928703703703695 0.016093750000000018 0.030925925925925905
1 0.36316666666666664 0.3240185185185185 0.012598958333333332 0.025879629629629697
1 0.4004322916666666 0.36696296296296294 0.012515624999999985 0.03195370370370369
1 0.45994270833333334 0.4233055555555555 0.017026041666666637 0.0400185185185186
1 0.497265625 0.32654629629629633 0.012973958333333434 0.03166666666666668
1 0.5232864583333333 0.3977685185185185 0.018192708333333307 0.02858333333333339
1 0.592921875 0.35888888888888887 0.012223958333333229 0.031194444444444493
1 0.6158697916666667 0.5535925925925925 0.027000000000000135 0.05526851851851862
1 0.7043593749999999 0.4617499999999999 0.025515624999999886 0.05669444444444435
1 0.913703125 0.5604722222222221 0.026453125000000098 0.06047222222222217
1 0.9294270833333332 0.47295370370370365 0.032942708333333216 0.03441666666666663
1 0.7473958333333333 0.4243518518518518 0.023458333333333314 0.04497222222222222
1 0.971875 0.3842222222222222 0.0265260416666667 0.036527777777777874