1 0.04715104166666666 0.520962962962963 0.01280208333333332 0.038972222222222144
1 0.14758333333333334 0.5063055555555555 0.01888020833333335 0.02908333333333341
1 0.249796875 0.5375925925925926 0.015786458333333274 0.04004629629629635
1 0.2786666666666666 0.46704629629629635 0.012718750000000067 0.028250000000000046
1 0.3713385416666667 0.5661944444444444 0.019427083333333338 0.04415740740740751
1 0.40700000000000003 0.47584259259259254 0.013729166666666615 0.028388888888888963
1 0.47783854166666667 0.5331944444444444 0.01541145833333335 0.03371296296296309
1 0.493265625 0.4401666666666666 0.012067708333333371 0.02745370370370368
1 0.58759375 0.47911111111111115 0.010145833333333344 0.02475925925925932
1 0.6096614583333333 0.6785648148148148 0.02568229166666658 0.046657407407407446
1 0.703546875 0.5753055555555556 0.023666666666666634 0.055185185185185046
1 0.7486354166666667 0.5323796296296296 0.0211666666666666 0.04116666666666665
1 0.8884218749999999 0.7511203703703703 0.03251041666666658 0.06895370370370384
1 0.9313489583333332 0.6528425925925926 0.03365104166666662 0.055212962962963116
1 0.9321354166666665 0.5722407407407407 0.0310677083333335 0.026462962962962897
1 0.9638020833333332 0.5001203703703704 0.02147395833333334 0.033379629629629586