3 0.878125 0.44707520891364905 0.015625 0.04735376044568245
3 0.78515625 0.5027855153203342 0.0234375 0.055710306406685235
3 0.7546875 0.41225626740947074 0.0171875 0.033426183844011144
3 0.70078125 0.48746518105849584 0.0265625 0.036211699164345405
3 0.65 0.5459610027855153 0.025 0.052924791086350974
3 0.67421875 0.38579387186629527 0.0171875 0.033426183844011144
3 0.6171875 0.435933147632312 0.0203125 0.036211699164345405
3 0.56875 0.5111420612813371 0.021875 0.04178272980501393
3 0.521875 0.3969359331476323 0.0140625 0.033426183844011144
3 0.4203125 0.42896935933147634 0.0171875 0.03899721448467967
3 0.39140625 0.6573816155988857 0.0328125 0.0584958217270195
3 0.21796875 0.49303621169916434 0.025 0.04735376044568245
3 0.0921875 0.7534818941504178 0.040625 0.07242339832869081
3 0.0484375 0.6142061281337048 0.0328125 0.06406685236768803
3 0.0609375 0.5292479108635098 0.0203125 0.04456824512534819
3 0.01640625 0.4832869080779944 0.0265625 0.036211699164345405