2 0.94609375 0.5334261838440112 0.01875 0.04735376044568245
2 0.8296875 0.47214484679665736 0.025 0.04456824512534819
2 0.7953125 0.5334261838440112 0.025 0.052924791086350974
2 0.71015625 0.39136490250696376 0.015625 0.03899721448467967
2 0.64765625 0.35236768802228413 0.015625 0.036211699164345405
2 0.67421875 0.4554317548746518 0.021875 0.04178272980501393
2 0.61875 0.4986072423398329 0.028125 0.052924791086350974
2 0.59453125 0.3774373259052925 0.01875 0.04178272980501393
2 0.546875 0.4373259052924791 0.021875 0.04456824512534819
2 0.51015625 0.318941504178273 0.0171875 0.03899721448467967
2 0.475 0.37604456824512533 0.0203125 0.03899721448467967
2 0.3609375 0.5083565459610028 0.0359375 0.06406685236768803
2 0.284375 0.39415041782729804 0.028125 0.06406685236768803
2 0.21484375 0.31197771587743733 0.0265625 0.052924791086350974
2 0.07109375 0.5194986072423399 0.0453125 0.08356545961002786
2 0.03046875 0.3732590529247911 0.0375 0.06963788300835655
2 0.02265625 0.28133704735376047 0.0234375 0.055710306406685235
2 0.02265625 0.2214484679665738 0.0109375 0.033426183844011144