0 0.04296875 0.4986072423398329 0.01875 0.04456824512534819
0 0.128125 0.46518105849582175 0.0171875 0.03899721448467967
0 0.21640625 0.49025069637883006 0.0234375 0.04735376044568245
0 0.24375 0.39136490250696376 0.015625 0.027855153203342618
0 0.29140625 0.44428969359331477 0.01875 0.033426183844011144
0 0.3484375 0.4860724233983287 0.0265625 0.055710306406685235
0 0.36953125 0.3788300835654596 0.0171875 0.036211699164345405
0 0.42109375 0.44707520891364905 0.021875 0.04178272980501393
0 0.459375 0.32729805013927576 0.0171875 0.03064066852367688
0 0.55625 0.3398328690807799 0.0140625 0.027855153203342618
0 0.59765625 0.5376044568245125 0.03125 0.055710306406685235
0 0.671875 0.4220055710306407 0.03125 0.0584958217270195
0 0.71328125 0.3551532033426184 0.0234375 0.04456824512534819
0 0.88828125 0.5557103064066853 0.0359375 0.06685236768802229
0 0.90390625 0.42479108635097496 0.0328125 0.04456824512534819
0 0.8953125 0.3370473537604457 0.034375 0.055710306406685235
0 0.9296875 0.27158774373259054 0.0265625 0.04456824512534819