1 0.05078125 0.38857938718662954 0.025 0.036211699164345405
1 0.1625 0.45403899721448465 0.025 0.05013927576601671
1 0.1984375 0.38579387186629527 0.0171875 0.033426183844011144
1 0.28984375 0.5194986072423399 0.0234375 0.052924791086350974
1 0.340625 0.42479108635097496 0.0171875 0.03899721448467967
1 0.409375 0.5167130919220055 0.0203125 0.04178272980501393
1 0.4359375 0.4220055710306407 0.015625 0.033426183844011144
1 0.534375 0.49164345403899723 0.0125 0.03064066852367688
1 0.53984375 0.713091922005571 0.0328125 0.06128133704735376
1 0.64921875 0.6309192200557103 0.0296875 0.06406685236768803
1 0.70390625 0.596100278551532 0.0265625 0.04178272980501393
1 0.83046875 0.8746518105849582 0.0375 0.07520891364902507
1 0.8875 0.7771587743732591 0.04375 0.06963788300835655
1 0.93671875 0.6267409470752089 0.0296875 0.04735376044568245