1 0.95703125 0.4623955431754875 0.0171875 0.03899721448467967
1 0.85 0.41643454038997213 0.021875 0.036211699164345405
1 0.796875 0.4805013927576602 0.0265625 0.04735376044568245
1 0.7359375 0.3607242339832869 0.0140625 0.027855153203342618
1 0.69140625 0.4387186629526462 0.0171875 0.033426183844011144
1 0.634375 0.4596100278551532 0.021875 0.05013927576601671
1 0.65234375 0.3203342618384401 0.0125 0.03064066852367688
1 0.61015625 0.3607242339832869 0.0140625 0.036211699164345405
1 0.553125 0.40947075208913647 0.01875 0.04178272980501393
1 0.48671875 0.3635097493036212 0.01875 0.033426183844011144
1 0.5171875 0.3064066852367688 0.015625 0.033426183844011144
1 0.38359375 0.5167130919220055 0.0265625 0.055710306406685235
1 0.30703125 0.41643454038997213 0.028125 0.052924791086350974
1 0.23046875 0.3398328690807799 0.0234375 0.04178272980501393
1 0.1078125 0.5571030640668524 0.034375 0.07520891364902507
1 0.06640625 0.4401114206128134 0.034375 0.0584958217270195
1 0.03515625 0.2841225626740947 0.0265625 0.04735376044568245