1 0.99375 0.4428969359331476 0.0125 0.03899721448467967
1 0.8859375 0.4233983286908078 0.0234375 0.033426183844011144
1 0.77109375 0.4568245125348189 0.0203125 0.04735376044568245
1 0.71015625 0.5389972144846796 0.025 0.0584958217270195
1 0.7359375 0.37186629526462395 0.015625 0.036211699164345405
1 0.65 0.44428969359331477 0.0171875 0.033426183844011144
1 0.65234375 0.34958217270194986 0.0140625 0.027855153203342618
1 0.6109375 0.3969359331476323 0.0140625 0.036211699164345405
1 0.54609375 0.4596100278551532 0.01875 0.04456824512534819
1 0.5046875 0.35236768802228413 0.0140625 0.036211699164345405
1 0.47578125 0.43036211699164345 0.0203125 0.03064066852367688
1 0.4 0.38857938718662954 0.0140625 0.033426183844011144
1 0.37421875 0.6030640668523677 0.0296875 0.06128133704735376
1 0.27734375 0.5013927576601671 0.028125 0.06128133704735376
1 0.04765625 0.6100278551532033 0.0296875 0.06685236768802229
1 0.0296875 0.5139275766016713 0.0359375 0.03899721448467967
1 0.2296875 0.4596100278551532 0.025 0.05013927576601671