1 0.08359375 0.5501392757660167 0.0234375 0.033426183844011144
1 0.19609375 0.596100278551532 0.0203125 0.04456824512534819
1 0.23046875 0.5222841225626741 0.0171875 0.03064066852367688
1 0.328125 0.6392757660167131 0.025 0.052924791086350974
1 0.44609375 0.6086350974930362 0.0171875 0.04178272980501393
1 0.46328125 0.5194986072423399 0.015625 0.03064066852367688
1 0.49296875 0.5863509749303621 0.021875 0.033426183844011144
1 0.5640625 0.5626740947075209 0.0125 0.033426183844011144
1 0.575 0.7841225626740947 0.0296875 0.055710306406685235
1 0.6796875 0.6852367688022284 0.0265625 0.0584958217270195
1 0.7296875 0.6434540389972145 0.0234375 0.052924791086350974
1 0.87265625 0.8983286908077994 0.034375 0.07520891364902507
1 0.921875 0.7910863509749304 0.0390625 0.06963788300835655
1 0.92265625 0.7061281337047354 0.034375 0.04178272980501393
1 0.96171875 0.628133704735376 0.0265625 0.04735376044568245