1 0.94921875 0.6138888888888889 0.015625 0.041666666666666664
1 0.8484375 0.5763888888888888 0.021875 0.03333333333333333
1 0.74296875 0.5847222222222223 0.01875 0.044444444444444446
1 0.71875 0.5069444444444444 0.015625 0.030555555555555555
1 0.61796875 0.5875 0.0234375 0.05
1 0.58828125 0.4875 0.015625 0.030555555555555555
1 0.5125 0.5305555555555556 0.01875 0.03888888888888889
1 0.503125 0.43333333333333335 0.0140625 0.030555555555555555
1 0.4046875 0.4513888888888889 0.0125 0.027777777777777776
1 0.36796875 0.6486111111111111 0.0296875 0.05277777777777778
1 0.28046875 0.5236111111111111 0.028125 0.06111111111111111
1 0.2375 0.46944444444444444 0.025 0.04722222222222222
1 0.08046875 0.6611111111111111 0.0375 0.07777777777777778
1 0.04375 0.5513888888888889 0.0375 0.06388888888888888
1 0.04921875 0.46944444444444444 0.0328125 0.03333333333333333
1 0.021875 0.3888888888888889 0.0234375 0.03888888888888889