3 0.09609375 0.39136490250696376 0.0296875 0.0584958217270195
3 0.19609375 0.39275766016713093 0.0265625 0.04178272980501393
3 0.23125 0.46518105849582175 0.0328125 0.06128133704735376
3 0.21640625 0.29526462395543174 0.01875 0.04178272980501393
3 0.31953125 0.4373259052924791 0.0265625 0.05013927576601671
3 0.37890625 0.3426183844011142 0.01875 0.033426183844011144
3 0.41015625 0.4331476323119777 0.025 0.04178272980501393
3 0.4921875 0.6406685236768802 0.034375 0.06406685236768803
3 0.6109375 0.5793871866295265 0.0375 0.07242339832869081
3 0.79375 0.8245125348189415 0.0484375 0.0807799442896936
3 0.853125 0.7047353760445683 0.0375 0.0807799442896936
3 0.90390625 0.5445682451253482 0.03125 0.05013927576601671