2 0.94453125 0.375 0.015625 0.044444444444444446
2 0.83125 0.36527777777777776 0.01875 0.03888888888888889
2 0.80234375 0.44027777777777777 0.025 0.05555555555555555
2 0.70078125 0.3347222222222222 0.015625 0.03611111111111111
2 0.63359375 0.32083333333333336 0.0140625 0.030555555555555555
2 0.6703125 0.40694444444444444 0.01875 0.03611111111111111
2 0.58125 0.36944444444444446 0.0171875 0.03611111111111111
2 0.54375 0.4486111111111111 0.01875 0.03888888888888889
2 0.4921875 0.34444444444444444 0.015625 0.030555555555555555
2 0.46875 0.41388888888888886 0.015625 0.030555555555555555
2 0.38984375 0.38472222222222224 0.015625 0.030555555555555555
2 0.37109375 0.5861111111111111 0.028125 0.05555555555555555
2 0.27734375 0.49722222222222223 0.0296875 0.058333333333333334
2 0.20546875 0.4527777777777778 0.0234375 0.044444444444444446
2 0.0875 0.7236111111111111 0.0359375 0.07222222222222222
2 0.034375 0.5819444444444445 0.034375 0.06388888888888888
2 0.01171875 0.5 0.0234375 0.05
2 0.00546875 0.44583333333333336 0.0109375 0.041666666666666664