3 0.7671875 0.33565459610027853 0.0234375 0.052924791086350974
3 0.72890625 0.25348189415041783 0.0203125 0.03899721448467967
3 0.67734375 0.3426183844011142 0.025 0.04456824512534819
3 0.63828125 0.2479108635097493 0.01875 0.036211699164345405
3 0.5765625 0.32172701949860727 0.021875 0.04178272980501393
3 0.62890625 0.4233983286908078 0.0328125 0.0584958217270195
3 0.540625 0.40947075208913647 0.0265625 0.04735376044568245
3 0.4890625 0.3022284122562674 0.01875 0.03899721448467967
3 0.4671875 0.4136490250696379 0.025 0.04178272980501393
3 0.38125 0.3788300835654596 0.021875 0.04735376044568245
3 0.37421875 0.6211699164345403 0.0375 0.06685236768802229
3 0.075 0.8259052924791086 0.046875 0.08913649025069638
3 0.2625 0.5724233983286908 0.0390625 0.07520891364902507
3 0.20234375 0.5334261838440112 0.03125 0.055710306406685235
3 0.02421875 0.6935933147632312 0.03125 0.07520891364902507
3 0.0171875 0.6030640668523677 0.0328125 0.0584958217270195
3 0.85625 0.24233983286908078 0.0203125 0.04456824512534819