1 0.046875 0.2841225626740947 0.025 0.03899721448467967
1 0.15546875 0.34818941504178275 0.0234375 0.05013927576601671
1 0.19609375 0.2799442896935933 0.0171875 0.033426183844011144
1 0.28828125 0.415041782729805 0.0265625 0.052924791086350974
1 0.334375 0.32590529247910865 0.0171875 0.03899721448467967
1 0.41015625 0.41086350974930363 0.01875 0.04178272980501393
1 0.43203125 0.3147632311977716 0.015625 0.033426183844011144
1 0.53046875 0.3955431754874652 0.0515625 0.09749303621169916
1 0.534375 0.616991643454039 0.0296875 0.05013927576601671
1 0.64140625 0.5167130919220055 0.0328125 0.06685236768802229
1 0.6953125 0.48885793871866295 0.03125 0.055710306406685235
1 0.871875 0.6671309192200557 0.04375 0.07520891364902507
1 0.91875 0.5097493036211699 0.028125 0.04735376044568245
1 0.828125 0.7604456824512534 0.0390625 0.08635097493036212