3 0.107453125 0.4185277777777777 0.019854166666666673 0.032222222222222124
3 0.20488541666666665 0.4591296296296296 0.02133854166666669 0.04332407407407399
3 0.28017187499999996 0.43770370370370365 0.023739583333333324 0.039000000000000055
3 0.302265625 0.3468981481481481 0.012390625000000011 0.03154629629629634
3 0.3243489583333333 0.4797777777777777 0.028901041666666672 0.058324074074074084
3 0.35163541666666664 0.38905555555555554 0.015156249999999982 0.031175925925925836
3 0.4426145833333333 0.35521296296296295 0.014770833333333223 0.03192592592592594
3 0.4737708333333333 0.42785185185185176 0.02417708333333337 0.03763888888888892
3 0.5433072916666667 0.383574074074074 0.018192708333333307 0.0349444444444444
3 0.5663020833333332 0.5798240740740741 0.02980208333333323 0.06563888888888904
3 0.6551197916666667 0.5018796296296296 0.03593229166666649 0.07474074074074082
3 0.7029114583333332 0.4374444444444444 0.03123958333333334 0.05466666666666668
3 0.8490885416666666 0.673861111111111 0.04472395833333316 0.07086111111111108
3 0.8491197916666666 0.5474814814814815 0.028427083333333415 0.03553703703703708
3 0.9101250000000001 0.4131944444444444 0.024390624999999843 0.048027777777777836