0 0.959375 0.2646239554317549 0.0203125 0.04735376044568245
0 0.86875 0.2743732590529248 0.01875 0.04456824512534819
0 0.77890625 0.3412256267409471 0.0265625 0.05013927576601671
0 0.7359375 0.2590529247910863 0.0171875 0.03899721448467967
0 0.696875 0.3412256267409471 0.021875 0.033426183844011144
0 0.64609375 0.41225626740947074 0.0265625 0.055710306406685235
0 0.65703125 0.25487465181058494 0.015625 0.036211699164345405
0 0.60703125 0.3161559888579387 0.0171875 0.033426183844011144
0 0.5671875 0.40807799442896936 0.021875 0.04456824512534819
0 0.50625 0.3064066852367688 0.015625 0.036211699164345405
0 0.40859375 0.37186629526462395 0.015625 0.033426183844011144
0 0.40078125 0.596100278551532 0.0328125 0.06128133704735376
0 0.30703125 0.5167130919220055 0.03125 0.06406685236768803
0 0.2484375 0.4735376044568245 0.0296875 0.052924791086350974
0 0.06796875 0.6518105849582173 0.0421875 0.06128133704735376
0 0.10703125 0.7576601671309192 0.0421875 0.0807799442896936
0 0.0171875 0.5041782729805014 0.028125 0.04456824512534819
0 0.0625 0.552924791086351 0.0359375 0.0584958217270195