2 0.11554687499999998 0.37332407407407403 0.01484375 0.03893518518518514
2 0.20004687499999996 0.35344444444444445 0.015890625000000002 0.03187962962962957
2 0.2783489583333333 0.39719444444444446 0.018124999999999947 0.03961111111111108
2 0.32157291666666665 0.31475000000000003 0.014307291666666711 0.031305555555555586
2 0.3845885416666667 0.29851851851851846 0.011468749999999962 0.027064814814814833
2 0.354328125 0.3893703703703703 0.015921874999999995 0.03266666666666664
2 0.3978541666666667 0.4416759259259259 0.019937499999999986 0.04705555555555555
2 0.43263541666666666 0.3443333333333333 0.0152708333333333 0.031083333333333407
2 0.47422916666666665 0.4135648148148148 0.015463541666666636 0.038342592592592616
2 0.5186354166666666 0.31101851851851847 0.012291666666666678 0.032138888888888946
2 0.5492864583333333 0.3797037037037037 0.01974479166666665 0.033111111111111154
2 0.6183177083333333 0.34074074074074073 0.01306770833333335 0.031046296296296284
2 0.7843229166666668 0.3984537037037037 0.024520833333333235 0.04535185185185182
2 0.7248177083333334 0.4757314814814814 0.024505208333333427 0.05662037037037035
2 0.6431041666666666 0.5363611111111111 0.029458333333333364 0.0533333333333333
2 0.9109322916666667 0.6464444444444444 0.03300000000000018 0.06924074074074077
2 0.970328125 0.5144351851851852 0.031218750000000028 0.05820370370370366
2 0.9907968749999998 0.4252407407407407 0.0183958333333333 0.05814814814814816