1 0.0578125 0.4331476323119777 0.0234375 0.036211699164345405
1 0.184375 0.49442896935933145 0.0234375 0.052924791086350974
1 0.24921875 0.5654596100278552 0.028125 0.06128133704735376
1 0.215625 0.4025069637883008 0.0171875 0.03899721448467967
1 0.30234375 0.39136490250696376 0.0140625 0.025069637883008356
1 0.29921875 0.49442896935933145 0.01875 0.03899721448467967
1 0.34296875 0.44846796657381616 0.015625 0.03064066852367688
1 0.4 0.520891364902507 0.021875 0.04735376044568245
1 0.453125 0.4233983286908078 0.0171875 0.036211699164345405
1 0.47890625 0.4986072423398329 0.021875 0.036211699164345405
1 0.5546875 0.479108635097493 0.0140625 0.033426183844011144
1 0.57734375 0.7005571030640668 0.03125 0.06406685236768803
1 0.68515625 0.6072423398328691 0.03125 0.06963788300835655
1 0.728125 0.5766016713091922 0.0265625 0.052924791086350974
1 0.8828125 0.8356545961002786 0.0421875 0.08356545961002786
1 0.93203125 0.6629526462395543 0.0359375 0.052924791086350974
1 0.98125 0.5779944289693594 0.0265625 0.04735376044568245