3 0.10293229166666666 0.4349814814814814 0.021380208333333338 0.030185185185185207
3 0.18426041666666665 0.4874259259259258 0.024557291666666668 0.046462962962963025
3 0.32297916666666665 0.5235740740740741 0.024411458333333247 0.04000925925925935
3 0.3003854166666667 0.36708333333333326 0.0148072916666667 0.03071296296296294
3 0.40173437500000003 0.4743888888888889 0.018536458333333304 0.03610185185185186
3 0.4695833333333333 0.44175925925925924 0.023067708333333315 0.03415740740740745
3 0.4459791666666666 0.37657407407407406 0.013692708333333314 0.03087962962962965
3 0.5324895833333333 0.4039351851851852 0.012625000000000063 0.040805555555555546
3 0.5493020833333333 0.6053518518518518 0.021239583333333378 0.042129629629629683
3 0.6462083333333333 0.5132037037037037 0.03067708333333332 0.057694444444444395
3 0.83384375 0.6878425925925926 0.03218229166666653 0.059999999999999984
3 0.8545208333333333 0.5698796296296297 0.032546874999999885 0.0489444444444443
3 0.8726927083333333 0.4912314814814814 0.027833333333333245 0.03762962962962967
3 0.9085885416666667 0.42376851851851854 0.02558333333333316 0.03819444444444445