0 0.94609375 0.19637883008356546 0.0203125 0.04735376044568245
0 0.85078125 0.266016713091922 0.028125 0.052924791086350974
0 0.80625 0.1796657381615599 0.0171875 0.04178272980501393
0 0.76484375 0.266016713091922 0.021875 0.036211699164345405
0 0.7109375 0.3398328690807799 0.028125 0.0584958217270195
0 0.72265625 0.17548746518105848 0.0171875 0.03899721448467967
0 0.6703125 0.2395543175487465 0.0171875 0.033426183844011144
0 0.628125 0.33565459610027853 0.0234375 0.04735376044568245
0 0.5640625 0.22841225626740946 0.0171875 0.03899721448467967
0 0.46015625 0.298050139275766 0.0171875 0.036211699164345405
0 0.45234375 0.5348189415041783 0.0359375 0.06406685236768803
0 0.353125 0.45125348189415043 0.0328125 0.06685236768802229
0 0.29140625 0.4052924791086351 0.03125 0.055710306406685235
0 0.1015625 0.5947075208913649 0.04375 0.06406685236768803
0 0.14296875 0.7047353760445683 0.0453125 0.08635097493036212
0 0.046875 0.4373259052924791 0.0296875 0.04735376044568245
0 0.0953125 0.48885793871866295 0.0375 0.06128133704735376