2 0.9546875 0.4387186629526462 0.0546875 0.12534818941504178
2 0.8484375 0.4011142061281337 0.01875 0.03899721448467967
2 0.81328125 0.46935933147632314 0.025 0.052924791086350974
2 0.71796875 0.3398328690807799 0.015625 0.03899721448467967
2 0.65078125 0.30919220055710306 0.015625 0.033426183844011144
2 0.68515625 0.40947075208913647 0.01875 0.03899721448467967
2 0.6328125 0.46518105849582175 0.025 0.05013927576601671
2 0.5953125 0.3467966573816156 0.01875 0.04178272980501393
2 0.55390625 0.4220055710306407 0.0203125 0.04456824512534819
2 0.50859375 0.3008356545961003 0.0171875 0.03899721448467967
2 0.4796875 0.3649025069637883 0.0203125 0.036211699164345405
2 0.403125 0.3203342618384401 0.01875 0.04178272980501393
2 0.36796875 0.5181058495821727 0.0328125 0.06128133704735376
2 0.28515625 0.4178272980501393 0.028125 0.06685236768802229
2 0.20703125 0.3467966573816156 0.0265625 0.052924791086350974
2 0.07109375 0.5877437325905293 0.0390625 0.0807799442896936
2 0.03046875 0.4428969359331476 0.0328125 0.0584958217270195
2 0.0140625 0.35097493036211697 0.0203125 0.05013927576601671
2 0.01015625 0.2966573816155989 0.009375 0.03899721448467967