0 0.1015625 0.2924791086350975 0.0203125 0.03899721448467967
0 0.19296875 0.3579387186629526 0.025 0.05013927576601671
0 0.24453125 0.27158774373259054 0.0171875 0.03899721448467967
0 0.34375 0.4275766016713092 0.028125 0.0584958217270195
0 0.33046875 0.26323119777158777 0.0140625 0.033426183844011144
0 0.384375 0.3203342618384401 0.01875 0.036211699164345405
0 0.43671875 0.41225626740947074 0.021875 0.04178272980501393
0 0.4953125 0.3022284122562674 0.0171875 0.033426183844011144
0 0.5109375 0.38440111420612816 0.0203125 0.033426183844011144
0 0.59453125 0.3551532033426184 0.0171875 0.036211699164345405
0 0.6109375 0.6072423398328691 0.0359375 0.06128133704735376
0 0.71953125 0.520891364902507 0.0328125 0.06406685236768803
0 0.77109375 0.47493036211699163 0.0265625 0.05013927576601671
0 0.92890625 0.7562674094707521 0.0390625 0.08356545961002786
0 0.9671875 0.637883008356546 0.034375 0.0584958217270195
0 0.99453125 0.5598885793871866 0.0109375 0.04456824512534819