1 0.014432291666666666 0.5349722222222222 0.016473958333333334 0.03649074074074087
1 0.11559374999999998 0.5180555555555556 0.021901041666666687 0.033203703703703666
1 0.22221354166666663 0.5534722222222223 0.01967187499999996 0.04481481481481495
1 0.25078645833333335 0.4791574074074074 0.014432291666666685 0.03289814814814807
1 0.34552083333333333 0.5802592592592593 0.019427083333333338 0.043962962962962926
1 0.3807083333333333 0.4906018518518519 0.0121458333333333 0.030037037037037036
1 0.4524218749999999 0.5473148148148148 0.0176145833333333 0.035861111111111184
1 0.46991145833333337 0.45191666666666663 0.013166666666666594 0.028064814814814713
1 0.4997708333333333 0.5181296296296296 0.01771354166666672 0.030777777777777734
1 0.5629791666666667 0.49449999999999994 0.011281249999999864 0.026138888888888958
1 0.6676875 0.5941944444444445 0.02298958333333321 0.05342592592592597
1 0.7152135416666667 0.5486296296296296 0.024843749999999963 0.04566666666666666
1 0.8652239583333333 0.7902592592592593 0.0328125 0.06297222222222211
1 0.8978802083333333 0.6747407407407408 0.03249999999999993 0.054296296296296336
1 0.9001927083333332 0.5918055555555555 0.026791666666666814 0.029129629629629665
1 0.9310937499999999 0.5191388888888888 0.02070833333333333 0.036074074074074106