0 0.040578125 0.4469722222222222 0.013145833333333334 0.036277777777777784
0 0.12713541666666664 0.4283888888888889 0.016598958333333337 0.03252777777777772
0 0.21412499999999998 0.4758518518518518 0.02038541666666669 0.03778703703703693
0 0.24352604166666664 0.3976944444444444 0.014526041666666689 0.022749999999999992
0 0.3027552083333333 0.4541388888888889 0.018531249999999933 0.0345833333333333
0 0.3385729166666666 0.5022129629629629 0.017697916666666647 0.04341666666666681
0 0.32133333333333336 0.37052777777777773 0.014505208333333287 0.022370370370370395
0 0.37590104166666666 0.4025925925925926 0.01632812499999998 0.028499999999999973
0 0.46033333333333337 0.3665555555555555 0.014874999999999972 0.02625000000000001
0 0.4913333333333333 0.44427777777777777 0.01801562499999996 0.02676851851851849
0 0.5842239583333333 0.5995648148148147 0.028812500000000085 0.044620370370370366
0 0.8518385416666666 0.6864814814814815 0.028677083333333186 0.06371296296296289
0 0.672734375 0.5135277777777778 0.023515625000000106 0.04862037037037036
0 0.7302395833333333 0.44536111111111104 0.01989062500000003 0.03734259259259258
0 0.9103437499999998 0.5362870370370371 0.024505208333333427 0.05125925925925922
0 0.56053125 0.39226851851851846 0.030781249999999892 0.0499814814814815
0 0.9166770833333333 0.4582777777777777 0.02226041666666667 0.03954629629629633