0 0.0578125 0.6323119777158774 0.01875 0.04178272980501393
0 0.1390625 0.5919220055710307 0.01875 0.04178272980501393
0 0.225 0.6058495821727019 0.0234375 0.04456824512534819
0 0.2578125 0.5055710306406686 0.0171875 0.033426183844011144
0 0.30625 0.5598885793871866 0.0234375 0.04178272980501393
0 0.36484375 0.5919220055710307 0.028125 0.052924791086350974
0 0.328125 0.4610027855153203 0.015625 0.03064066852367688
0 0.3828125 0.4832869080779944 0.0203125 0.03899721448467967
0 0.43828125 0.5389972144846796 0.0234375 0.04735376044568245
0 0.47421875 0.41643454038997213 0.01875 0.036211699164345405
0 0.56796875 0.41643454038997213 0.01875 0.036211699164345405
0 0.6171875 0.6183844011142061 0.034375 0.05013927576601671
0 0.92109375 0.6044568245125348 0.040625 0.0807799442896936
0 0.69765625 0.5083565459610028 0.028125 0.052924791086350974
0 0.734375 0.435933147632312 0.0265625 0.04735376044568245
0 0.50859375 0.4735376044568245 0.0234375 0.036211699164345405
0 0.9296875 0.4832869080779944 0.0328125 0.06128133704735376
0 0.95859375 0.3203342618384401 0.0296875 0.04735376044568245