0 0.0703125 0.5724233983286908 0.021875 0.04456824512534819
0 0.1859375 0.5793871866295265 0.0296875 0.05013927576601671
0 0.2 0.47493036211699163 0.0171875 0.033426183844011144
0 0.25390625 0.5362116991643454 0.0234375 0.04178272980501393
0 0.31328125 0.5696378830083565 0.0296875 0.06128133704735376
0 0.271875 0.4233983286908078 0.015625 0.036211699164345405
0 0.3359375 0.45403899721448465 0.0203125 0.03899721448467967
0 0.39765625 0.5055710306406686 0.0265625 0.04735376044568245
0 0.43515625 0.3802228412256267 0.021875 0.036211699164345405
0 0.46640625 0.44428969359331477 0.0234375 0.04178272980501393
0 0.53671875 0.37604456824512533 0.01875 0.036211699164345405
0 0.58671875 0.5933147632311978 0.0390625 0.052924791086350974
0 0.67890625 0.46657381615598886 0.034375 0.07242339832869081
0 0.8984375 0.5654596100278552 0.04375 0.08356545961002786
0 0.71796875 0.39275766016713093 0.0328125 0.055710306406685235
0 0.95546875 0.26880222841225626 0.0265625 0.04735376044568245
0 0.91640625 0.45125348189415043 0.0375 0.07799442896935933