2 0.10390625 0.3551532033426184 0.0171875 0.04735376044568245
2 0.203125 0.33565459610027853 0.01875 0.03899721448467967
2 0.29375 0.38857938718662954 0.021875 0.04735376044568245
2 0.34453125 0.2938718662952646 0.0171875 0.036211699164345405
2 0.41796875 0.27715877437325903 0.0140625 0.03064066852367688
2 0.38203125 0.383008356545961 0.01875 0.03899721448467967
2 0.43203125 0.4456824512534819 0.0234375 0.055710306406685235
2 0.4734375 0.3328690807799443 0.01875 0.036211699164345405
2 0.52109375 0.415041782729805 0.01875 0.04456824512534819
2 0.57421875 0.2966573816155989 0.0140625 0.03899721448467967
2 0.60859375 0.3788300835654596 0.0234375 0.03899721448467967
2 0.68984375 0.33565459610027853 0.015625 0.036211699164345405
2 0.88203125 0.40807799442896936 0.0296875 0.052924791086350974
2 0.81171875 0.4972144846796657 0.0296875 0.06685236768802229
2 0.71640625 0.564066852367688 0.034375 0.06406685236768803