3 0.20440624999999998 0.5021481481481481 0.018348958333333342 0.038111111111111186
3 0.2326875 0.40530555555555553 0.012640624999999961 0.03276851851851856
3 0.3031041666666667 0.3859537037037037 0.012770833333333353 0.025249999999999932
3 0.28480208333333334 0.48313888888888884 0.017343749999999946 0.030851851851851898
3 0.3282395833333333 0.5286203703703704 0.01923958333333333 0.044657407407407375
3 0.3718333333333333 0.42472222222222217 0.01519270833333337 0.029509259259259263
3 0.4025104166666667 0.4974999999999999 0.01784895833333331 0.036777777777777805
3 0.44629166666666664 0.3842037037037037 0.012296875000000007 0.029398148148148097
3 0.5375885416666667 0.4095833333333333 0.012421874999999893 0.030527777777777803
3 0.5688645833333333 0.6152777777777778 0.02495833333333337 0.050953703703703626
3 0.6583854166666666 0.5280833333333333 0.022468749999999992 0.04771296296296299
3 0.7282291666666667 0.4583703703703703 0.020364583333333287 0.03737962962962958
3 0.8312291666666667 0.6905925925925926 0.032052083333333314 0.05551851851851855
3 0.8869166666666667 0.5616481481481481 0.027572916666666815 0.05328703703703705
3 0.8975677083333332 0.471962962962963 0.02495312500000004 0.04488888888888896