1 0.07265625 0.5305555555555556 0.0234375 0.03611111111111111
1 0.1859375 0.5611111111111111 0.021875 0.04722222222222222
1 0.21484375 0.48055555555555557 0.015625 0.03611111111111111
1 0.31640625 0.5805555555555556 0.021875 0.04722222222222222
1 0.3515625 0.48333333333333334 0.0140625 0.03333333333333333
1 0.42890625 0.5388888888888889 0.01875 0.03888888888888889
1 0.4453125 0.4375 0.0140625 0.030555555555555555
1 0.478125 0.5055555555555555 0.01875 0.03333333333333333
1 0.54375 0.47638888888888886 0.0125 0.027777777777777776
1 0.65625 0.5736111111111111 0.025 0.058333333333333334
1 0.70546875 0.5236111111111111 0.0265625 0.05
1 0.86875 0.7680555555555556 0.0359375 0.06944444444444445
1 0.90078125 0.6444444444444445 0.0359375 0.058333333333333334
1 0.9015625 0.5569444444444445 0.028125 0.03333333333333333
1 0.9328125 0.4777777777777778 0.021875 0.03888888888888889