0 0.92890625 0.4136490250696379 0.0171875 0.033426183844011144
0 0.84140625 0.4637883008356546 0.021875 0.04456824512534819
0 0.7953125 0.3774373259052925 0.015625 0.033426183844011144
0 0.69765625 0.5111420612813371 0.025 0.052924791086350974
0 0.715625 0.3593314763231198 0.0109375 0.03064066852367688
0 0.6625 0.40668523676880225 0.015625 0.03064066852367688
0 0.61015625 0.4860724233983287 0.0203125 0.036211699164345405
0 0.56015625 0.37604456824512533 0.0140625 0.03064066852367688
0 0.5421875 0.45125348189415043 0.01875 0.03064066852367688
0 0.46484375 0.415041782729805 0.015625 0.033426183844011144
0 0.43984375 0.649025069637883 0.03125 0.055710306406685235
0 0.3421875 0.5557103064066853 0.0296875 0.0584958217270195
0 0.2953125 0.5055710306406686 0.0234375 0.04456824512534819
0 0.13671875 0.7506963788300836 0.034375 0.07242339832869081
0 0.10546875 0.6364902506963789 0.0296875 0.05013927576601671
0 0.071875 0.5598885793871866 0.0296875 0.04456824512534819
0 0.05546875 0.4818941504178273 0.0265625 0.03899721448467967