1 0.89296875 0.31337047353760444 0.025 0.036211699164345405
1 0.7828125 0.383008356545961 0.025 0.052924791086350974
1 0.746875 0.3147632311977716 0.0171875 0.033426183844011144
1 0.65703125 0.45125348189415043 0.0234375 0.055710306406685235
1 0.6046875 0.3593314763231198 0.01875 0.03899721448467967
1 0.5375 0.45264623955431754 0.0203125 0.04178272980501393
1 0.5109375 0.3593314763231198 0.015625 0.033426183844011144
1 0.4140625 0.43036211699164345 0.0125 0.03064066852367688
1 0.41015625 0.6504178272980501 0.034375 0.06128133704735376
1 0.30078125 0.5724233983286908 0.03125 0.06406685236768803
1 0.24609375 0.5403899721448467 0.0265625 0.04178272980501393
1 0.12265625 0.8203342618384402 0.0375 0.07520891364902507
1 0.06484375 0.7270194986072424 0.04375 0.06963788300835655
1 0.01484375 0.5779944289693594 0.0296875 0.04735376044568245