1 0.9109375 0.6016713091922006 0.025 0.03899721448467967
1 0.79921875 0.6016713091922006 0.0265625 0.05013927576601671
1 0.77265625 0.5139275766016713 0.0171875 0.03064066852367688
1 0.66171875 0.584958217270195 0.028125 0.0584958217270195
1 0.63671875 0.479108635097493 0.0171875 0.03899721448467967
1 0.55234375 0.5125348189415042 0.0203125 0.04456824512534819
1 0.54609375 0.40947075208913647 0.015625 0.03064066852367688
1 0.4421875 0.41643454038997213 0.0125 0.03064066852367688
1 0.39765625 0.6197771587743732 0.03125 0.055710306406685235
1 0.31015625 0.4777158774373259 0.03125 0.06685236768802229
1 0.265625 0.4206128133704735 0.028125 0.052924791086350974
1 0.09921875 0.6002785515320335 0.0390625 0.07520891364902507
1 0.0671875 0.4818941504178273 0.0375 0.06685236768802229
1 0.04609375 0.31058495821727017 0.03125 0.05013927576601671