0 0.040625 0.4192200557103064 0.015625 0.04178272980501393
0 0.13203125 0.4011142061281337 0.015625 0.036211699164345405
0 0.2640625 0.34818941504178275 0.015625 0.025069637883008356
0 0.34296875 0.3286908077994429 0.0125 0.022284122562674095
0 0.3109375 0.4192200557103064 0.01875 0.027855153203342618
0 0.36875 0.4777158774373259 0.025 0.04735376044568245
0 0.4 0.36768802228412256 0.015625 0.036211699164345405
0 0.44609375 0.44846796657381616 0.0203125 0.04456824512534819
0 0.49765625 0.33147632311977715 0.015625 0.033426183844011144
0 0.6015625 0.36908077994428967 0.015625 0.027855153203342618
0 0.6296875 0.5919220055710307 0.0328125 0.04735376044568245
0 0.71640625 0.48467966573816157 0.0265625 0.055710306406685235
0 0.76796875 0.42479108635097496 0.021875 0.04456824512534819
0 0.9375 0.66991643454039 0.0375 0.06963788300835655
0 0.96171875 0.4401114206128134 0.03125 0.052924791086350974
0 0.9640625 0.5403899721448467 0.0328125 0.04735376044568245
0 0.9953125 0.38579387186629527 0.009375 0.03899721448467967