0 0.04140625 0.22841225626740946 0.021875 0.05013927576601671
0 0.11796875 0.24930362116991645 0.0265625 0.04178272980501393
0 0.2140625 0.33008356545961004 0.025 0.052924791086350974
0 0.26015625 0.25487465181058494 0.015625 0.036211699164345405
0 0.2953125 0.3398328690807799 0.0203125 0.033426183844011144
0 0.340625 0.2646239554317549 0.015625 0.03064066852367688
0 0.34296875 0.4178272980501393 0.028125 0.0584958217270195
0 0.3875 0.3286908077994429 0.01875 0.033426183844011144
0 0.42890625 0.4220055710306407 0.0203125 0.033426183844011144
0 0.48671875 0.3286908077994429 0.0171875 0.036211699164345405
0 0.5796875 0.6309192200557103 0.0359375 0.06406685236768803
0 0.68515625 0.5779944289693594 0.0328125 0.06685236768802229
0 0.73359375 0.5431754874651811 0.0265625 0.04735376044568245
0 0.8625 0.83008356545961 0.040625 0.07799442896935933
0 0.90703125 0.7367688022284122 0.0390625 0.052924791086350974
0 0.9703125 0.596100278551532 0.0296875 0.05013927576601671