0 0.038671875 0.4006481481481481 0.016010416666666673 0.04247222222222228
0 0.12282291666666664 0.383037037037037 0.014093750000000016 0.033629629629629676
0 0.21994270833333332 0.4215277777777778 0.01818229166666665 0.041231481481481404
0 0.24465104166666665 0.3367777777777778 0.012791666666666668 0.028925925925925907
0 0.28930208333333335 0.3983148148148148 0.017671875000000004 0.02560185185185178
0 0.3200052083333333 0.31301851851851853 0.01128645833333337 0.027148148148148168
0 0.3440052083333333 0.45264814814814813 0.025020833333333315 0.04464814814814812
0 0.3739114583333333 0.3469907407407407 0.015463541666666724 0.03011111111111108
0 0.41839062499999996 0.4238148148148148 0.018385416666666644 0.03705555555555549
0 0.46247916666666666 0.3141574074074074 0.013567708333333251 0.029870370370370363
0 0.5592447916666666 0.35257407407407404 0.011598958333333265 0.021370370370370394
0 0.5847291666666667 0.5459999999999999 0.02548958333333342 0.04680555555555546
0 0.6689635416666666 0.46009259259259255 0.025645833333333277 0.050249999999999934
0 0.7139895833333332 0.4093981481481481 0.02151041666666682 0.03850925925925929
0 0.8679635416666667 0.6227037037037036 0.03175520833333323 0.06230555555555557
0 0.8973749999999999 0.5108240740740742 0.03184374999999982 0.041685185185185165
0 0.8804166666666667 0.4394074074074074 0.028895833333333343 0.04274999999999996
0 0.9332291666666667 0.3630925925925925 0.024671874999999944 0.039333333333333366