2 0.05646354166666666 0.4164259259259259 0.01436979166666667 0.03716666666666665
2 0.16540104166666664 0.39766666666666667 0.017619791666666672 0.035879629629629685
2 0.19299479166666667 0.4676759259259259 0.01886979166666669 0.043444444444444404
2 0.2892083333333333 0.3549259259259259 0.015041666666666753 0.03360185185185184
2 0.3148958333333333 0.42968518518518517 0.015078125000000053 0.03350000000000001
2 0.36418229166666666 0.4779074074074074 0.023036458333333343 0.04715740740740747
2 0.3529427083333333 0.3359166666666667 0.012989583333333332 0.030972222222222238
2 0.40374479166666666 0.38122222222222224 0.013552083333333308 0.03110185185185183
2 0.44262499999999994 0.45095370370370363 0.016479166666666777 0.040601851851851875
2 0.48790625 0.34800925925925924 0.013572916666666579 0.028731481481481445
2 0.51325 0.4132407407407407 0.018812499999999944 0.03286111111111107
2 0.5858645833333332 0.3769166666666667 0.013869791666666664 0.03125925925925925
2 0.6120520833333334 0.5674444444444444 0.02681770833333328 0.057879629629629566
2 0.6972864583333334 0.4722962962962962 0.02517187500000002 0.054537037037037016
2 0.8796406250000001 0.6605833333333333 0.03216145833333321 0.06993518518518521
2 0.7626041666666666 0.4281018518518519 0.020354166666666628 0.04201851851851852
2 0.9628958333333333 0.40085185185185185 0.025026041666666644 0.02924074074074083
2 0.9516249999999999 0.45652777777777775 0.026302083333333216 0.04478703703703704
2 0.9278697916666665 0.5374351851851851 0.027677083333333387 0.055685185185185226