2 0.05598958333333333 0.4099444444444444 0.014812500000000001 0.043296296296296236
2 0.166796875 0.39209259259259255 0.0203958333333333 0.04201851851851852
2 0.19890624999999998 0.44757407407407407 0.021614583333333326 0.0441111111111111
2 0.2948125 0.3460462962962963 0.014374999999999982 0.03360185185185184
2 0.3185364583333333 0.4205925925925926 0.016390625000000013 0.03303703703703699
2 0.36806770833333335 0.4725740740740741 0.022135416666666696 0.04789814814814816
2 0.35417187499999997 0.32845370370370375 0.011031250000000003 0.028814814814814817
2 0.40407291666666667 0.37229629629629624 0.01597395833333337 0.03286111111111107
2 0.44284895833333326 0.44084259259259256 0.01740104166666665 0.040120370370370355
2 0.5136406250000001 0.40174074074074073 0.016822916666666642 0.03419444444444445
2 0.585125 0.36856481481481485 0.013229166666666714 0.03687962962962968
2 0.6118229166666667 0.5579351851851853 0.025864583333333257 0.051101851851851954
2 0.6929375 0.4761018518518519 0.02611458333333321 0.04900925925925921
2 0.768265625 0.41778703703703696 0.022520833333333278 0.040379629629629696
2 0.8774739583333332 0.6531203703703704 0.0364374999999999 0.06551851851851846
2 0.9314791666666666 0.5256759259259259 0.028765625000000128 0.05355555555555548
2 0.9499635416666667 0.44387962962962957 0.026885416666666728 0.04025925925925928
2 0.9637083333333333 0.39314814814814814 0.02581249999999997 0.0400740740740741
2 0.48795312499999993 0.3389629629629629 0.0155885416666667 0.03141666666666659