2 0.051479166666666666 0.40911111111111104 0.014328124999999997 0.041666666666666664
2 0.16195312499999998 0.3907037037037036 0.017119791666666682 0.039861111111111014
2 0.1916458333333333 0.45799074074074075 0.019557291666666622 0.04492592592592596
2 0.28624479166666666 0.34603703703703703 0.01427083333333341 0.03408333333333324
2 0.31559895833333335 0.41833333333333333 0.01828645833333331 0.03668518518518514
2 0.36300520833333333 0.47412962962962957 0.022343750000000016 0.04207407407407418
2 0.35046875 0.3300925925925926 0.011802083333333347 0.028370370370370383
2 0.40199999999999997 0.3690185185185185 0.014531250000000061 0.03584259259259264
2 0.43936458333333334 0.44036111111111104 0.017302083333333405 0.042314814814814854
2 0.48348958333333325 0.3365462962962963 0.01239583333333325 0.033046296296296324
2 0.5112239583333332 0.4014444444444444 0.018078125000000077 0.030749999999999982
2 0.5810416666666666 0.36598148148148146 0.01516666666666655 0.03830555555555557
2 0.6068958333333333 0.554287037037037 0.027515625000000023 0.0573425925925927
2 0.68809375 0.4701018518518519 0.02482812499999998 0.05487962962962961
2 0.7638333333333333 0.4158518518518518 0.025395833333333506 0.046231481481481436
2 0.8724895833333333 0.6488425925925926 0.03569270833333356 0.07032407407407407
2 0.9277604166666666 0.5215833333333333 0.032624999999999814 0.05842592592592584
2 0.9489166666666666 0.43884259259259256 0.026182291666666656 0.043555555555555577
2 0.9592135416666666 0.38823148148148146 0.0291875000000001 0.029833333333333358