1 0.96640625 0.7152777777777778 0.0171875 0.04722222222222222
1 0.8640625 0.6736111111111112 0.0234375 0.03611111111111111
1 0.74921875 0.6847222222222222 0.01875 0.05
1 0.72421875 0.6 0.015625 0.03333333333333333
1 0.659375 0.5638888888888889 0.015625 0.030555555555555555
1 0.62734375 0.6930555555555555 0.0234375 0.05277777777777778
1 0.60390625 0.5888888888888889 0.015625 0.03611111111111111
1 0.52109375 0.6319444444444444 0.01875 0.041666666666666664
1 0.51171875 0.5402777777777777 0.015625 0.030555555555555555
1 0.47890625 0.5958333333333333 0.01875 0.03611111111111111
1 0.4125 0.5569444444444445 0.0125 0.027777777777777776
1 0.36953125 0.7486111111111111 0.0296875 0.06666666666666667
1 0.28828125 0.6402777777777777 0.0296875 0.06111111111111111
1 0.2484375 0.5861111111111111 0.0265625 0.05
1 0.08046875 0.7861111111111111 0.04375 0.08055555555555556
1 0.04921875 0.675 0.040625 0.07222222222222222
1 0.05859375 0.5916666666666667 0.0328125 0.044444444444444446
1 0.02890625 0.5097222222222222 0.025 0.041666666666666664