3 0.87578125 0.5793871866295265 0.01875 0.04456824512534819
3 0.78359375 0.5835654596100278 0.0234375 0.055710306406685235
3 0.76875 0.48467966573816157 0.0171875 0.04178272980501393
3 0.653125 0.5738161559888579 0.025 0.05013927576601671
3 0.57890625 0.5069637883008357 0.0234375 0.04456824512534819
3 0.6359375 0.4568245125348189 0.01875 0.03899721448467967
3 0.690625 0.44428969359331477 0.0140625 0.025069637883008356
3 0.54296875 0.38857938718662954 0.0171875 0.036211699164345405
3 0.39609375 0.575208913649025 0.034375 0.06406685236768803
3 0.3234375 0.46518105849582175 0.03125 0.0584958217270195
3 0.2625 0.3649025069637883 0.0265625 0.052924791086350974
3 0.1078125 0.564066852367688 0.0390625 0.07799442896935933
3 0.08203125 0.4178272980501393 0.028125 0.06406685236768803
3 0.07109375 0.32590529247910865 0.028125 0.052924791086350974
3 0.06796875 0.2646239554317549 0.03125 0.03064066852367688
3 0.703125 0.5403899721448467 0.0234375 0.04178272980501393