1 0.97109375 0.3816155988857939 0.025 0.03899721448467967
1 0.85859375 0.45403899721448465 0.021875 0.05013927576601671
1 0.81796875 0.38440111420612816 0.0171875 0.036211699164345405
1 0.7234375 0.5306406685236769 0.0265625 0.0584958217270195
1 0.67265625 0.4401114206128134 0.01875 0.036211699164345405
1 0.5984375 0.5306406685236769 0.021875 0.04456824512534819
1 0.5703125 0.43036211699164345 0.0171875 0.036211699164345405
1 0.46796875 0.5083565459610028 0.0140625 0.03064066852367688
1 0.46484375 0.7437325905292479 0.034375 0.06128133704735376
1 0.346875 0.6601671309192201 0.0328125 0.07242339832869081
1 0.290625 0.6267409470752089 0.028125 0.055710306406685235
1 0.15625 0.9261838440111421 0.0453125 0.08913649025069638
1 0.09609375 0.83008356545961 0.04375 0.07520891364902507
1 0.0859375 0.7381615598885793 0.0390625 0.04178272980501393
1 0.0421875 0.6671309192200557 0.028125 0.04456824512534819