2 0.90078125 0.4236111111111111 0.0171875 0.03888888888888889
2 0.815625 0.39305555555555555 0.0234375 0.041666666666666664
2 0.69453125 0.33611111111111114 0.01875 0.03611111111111111
2 0.7359375 0.42916666666666664 0.021875 0.04722222222222222
2 0.63046875 0.3125 0.0140625 0.027777777777777776
2 0.65625 0.4083333333333333 0.0203125 0.03888888888888889
2 0.60859375 0.45694444444444443 0.0265625 0.05277777777777778
2 0.5765625 0.3486111111111111 0.01875 0.03888888888888889
2 0.53359375 0.41805555555555557 0.0203125 0.044444444444444446
2 0.49296875 0.3055555555555556 0.015625 0.03611111111111111
2 0.4578125 0.36944444444444446 0.0203125 0.03611111111111111
2 0.38828125 0.325 0.0171875 0.041666666666666664
2 0.3578125 0.5208333333333334 0.0296875 0.06111111111111111
2 0.27265625 0.45 0.03125 0.058333333333333334
2 0.22578125 0.3638888888888889 0.028125 0.05555555555555555
2 0.0734375 0.5958333333333333 0.0359375 0.07222222222222222
2 0.02109375 0.4583333333333333 0.03125 0.06111111111111111