2 0.940625 0.49025069637883006 0.0140625 0.04456824512534819
2 0.83203125 0.44986072423398327 0.0171875 0.036211699164345405
2 0.79765625 0.5153203342618384 0.0234375 0.04735376044568245
2 0.71015625 0.38440111420612816 0.015625 0.03064066852367688
2 0.67734375 0.44846796657381616 0.01875 0.036211699164345405
2 0.64609375 0.35236768802228413 0.0140625 0.03064066852367688
2 0.59609375 0.38579387186629527 0.0171875 0.03899721448467967
2 0.55234375 0.45264623955431754 0.01875 0.04456824512534819
2 0.51328125 0.33565459610027853 0.015625 0.036211699164345405
2 0.484375 0.39415041782729804 0.01875 0.036211699164345405
2 0.4125 0.34818941504178275 0.015625 0.03899721448467967
2 0.37421875 0.5334261838440112 0.0328125 0.0584958217270195
2 0.29609375 0.4275766016713092 0.028125 0.06128133704735376
2 0.228125 0.3607242339832869 0.0234375 0.04735376044568245
2 0.09453125 0.575208913649025 0.0375 0.08356545961002786
2 0.03984375 0.35376044568245124 0.0265625 0.05013927576601671
2 0.03203125 0.298050139275766 0.0265625 0.033426183844011144
2 0.05625 0.4401114206128134 0.03125 0.06128133704735376
2 0.6265625 0.4972144846796657 0.0234375 0.04735376044568245