1 0.1 0.5597222222222222 0.0203125 0.030555555555555555
1 0.20625 0.5958333333333333 0.01875 0.044444444444444446
1 0.23828125 0.5236111111111111 0.0140625 0.030555555555555555
1 0.334375 0.6277777777777778 0.01875 0.04722222222222222
1 0.36953125 0.5333333333333333 0.015625 0.03333333333333333
1 0.446875 0.5888888888888889 0.0171875 0.03888888888888889
1 0.4625 0.5013888888888889 0.0140625 0.030555555555555555
1 0.4921875 0.5625 0.01875 0.03333333333333333
1 0.55859375 0.5375 0.0109375 0.030555555555555555
1 0.66640625 0.6430555555555556 0.0265625 0.05555555555555555
1 0.7171875 0.5986111111111111 0.021875 0.05
1 0.8578125 0.8319444444444445 0.0296875 0.07222222222222222
1 0.9 0.7263888888888889 0.03125 0.06111111111111111
1 0.9015625 0.6416666666666667 0.028125 0.03888888888888889
1 0.934375 0.5708333333333333 0.0234375 0.03611111111111111