0 0.04011458333333333 0.44413888888888886 0.01552083333333334 0.04158333333333325
0 0.11608333333333332 0.4278796296296296 0.020072916666666663 0.035638888888888845
0 0.21547916666666667 0.46883333333333327 0.020187500000000025 0.03935185185185175
0 0.24208333333333334 0.39473148148148146 0.014072916666666657 0.02654629629629631
0 0.2952916666666667 0.4485925925925926 0.020479166666666604 0.03139814814814817
0 0.3389010416666667 0.49907407407407406 0.022020833333333288 0.04137037037037048
0 0.3178697916666666 0.3541203703703703 0.013369791666666676 0.025537037037037063
0 0.37415624999999997 0.39812037037037035 0.015781249999999948 0.02678703703703699
0 0.4160260416666667 0.4679074074074074 0.020651041666666713 0.03060185185185181
0 0.458828125 0.362287037037037 0.013786458333333407 0.031694444444444476
0 0.4914739583333333 0.4397685185185185 0.018083333333333406 0.03263888888888889
0 0.5534114583333333 0.39455555555555555 0.014682291666666635 0.027833333333333283
0 0.583546875 0.5951574074074074 0.02907291666666669 0.04793518518518517
0 0.674375 0.5152129629629628 0.026406249999999964 0.048037037037037086
0 0.8556458333333332 0.6792407407407407 0.030343750000000114 0.06118518518518512
0 0.9137083333333333 0.5316296296296296 0.028749999999999786 0.058592592592592516
0 0.9276770833333334 0.4195555555555555 0.02282291666666687 0.035407407407407415
0 0.8922395833333333 0.4889537037037037 0.02589583333333323 0.04585185185185184