0 0.04609375 0.3802228412256267 0.015625 0.03899721448467967
0 0.134375 0.3732590529247911 0.015625 0.036211699164345405
0 0.2171875 0.42618384401114207 0.01875 0.04178272980501393
0 0.26171875 0.34540389972144847 0.015625 0.03064066852367688
0 0.353125 0.47493036211699163 0.021875 0.055710306406685235
0 0.33671875 0.32729805013927576 0.0125 0.03064066852367688
0 0.3890625 0.37604456824512533 0.015625 0.027855153203342618
0 0.4359375 0.44986072423398327 0.0203125 0.03899721448467967
0 0.4875 0.34958217270194986 0.015625 0.027855153203342618
0 0.503125 0.4233983286908078 0.01875 0.03064066852367688
0 0.57890625 0.38997214484679665 0.0140625 0.03064066852367688
0 0.59765625 0.616991643454039 0.028125 0.04735376044568245
0 0.69453125 0.5306406685236769 0.028125 0.05013927576601671
0 0.73984375 0.4818941504178273 0.0234375 0.04456824512534819
0 0.89140625 0.724233983286908 0.0375 0.07242339832869081
0 0.91953125 0.6225626740947076 0.034375 0.052924791086350974
0 0.96953125 0.46518105849582175 0.0265625 0.04178272980501393
0 0.9328125 0.5334261838440112 0.0296875 0.03064066852367688