0 0.053869791666666667 0.37844444444444447 0.018156250000000006 0.037870370370370346
0 0.13944270833333333 0.36544444444444446 0.018822916666666644 0.03261111111111114
0 0.2224895833333333 0.4074537037037037 0.022005208333333304 0.04020370370370362
0 0.25946875 0.3196759259259259 0.013229166666666625 0.030564814814814805
0 0.3018385416666666 0.3852407407407407 0.017562500000000016 0.023990740740740712
0 0.35398437499999996 0.4404537037037037 0.022307291666666628 0.04496296296296297
0 0.3831145833333333 0.33974074074074073 0.014156250000000004 0.03023148148148146
0 0.42699999999999994 0.41748148148148145 0.017619791666666627 0.03576851851851851
0 0.5002239583333333 0.3899907407407407 0.01892708333333335 0.03169444444444451
0 0.47609375 0.3093888888888889 0.015119791666666594 0.029175925925925918
0 0.5707656249999999 0.3465740740740741 0.012390624999999923 0.02820370370370371
0 0.5957395833333333 0.5505925925925925 0.027578124999999964 0.04976851851851857
0 0.6790833333333333 0.45775 0.02857291666666679 0.04940740740740732
0 0.72665625 0.4023981481481481 0.02323437500000001 0.04135185185185182
0 0.8783854166666666 0.638787037037037 0.027390624999999957 0.06782407407407412
0 0.9084635416666667 0.5218425925925926 0.032333333333333415 0.04838888888888893
0 0.9044739583333332 0.43301851851851847 0.028109375000000013 0.044425925925925945
0 0.9465833333333332 0.3721203703703703 0.024546875000000058 0.03850000000000004