3 0.2032708333333333 0.4847314814814815 0.016687499999999987 0.04046296296296295
3 0.2275208333333333 0.4013981481481481 0.01509375000000004 0.029055555555555498
3 0.28078125 0.46136111111111106 0.018203125000000053 0.033842592592592605
3 0.3043489583333333 0.36766666666666664 0.013734374999999943 0.026490740740740766
3 0.36501041666666667 0.41050925925925924 0.016463541666666616 0.031092592592592578
3 0.3305885416666666 0.5144444444444444 0.024494791666666682 0.042416666666666616
3 0.40517708333333335 0.4739537037037037 0.019500000000000028 0.03535185185185191
3 0.4379895833333333 0.36612962962962964 0.012921874999999972 0.030490740740740683
3 0.4685520833333333 0.45402777777777775 0.019473958333333385 0.030407407407407383
3 0.5386666666666666 0.3958703703703703 0.015479166666666622 0.03569444444444435
3 0.5689635416666666 0.6013888888888889 0.028140625000000162 0.04831481481481493
3 0.8471249999999999 0.6788333333333333 0.033645833333333285 0.06601851851851848
3 0.6603854166666666 0.5232962962962963 0.029062500000000036 0.05504629629629629
3 0.7080416666666667 0.47045370370370365 0.023307291666666608 0.04068518518518513
3 0.8809843749999999 0.5491203703703703 0.029135416666666813 0.05929629629629621
3 0.8739739583333332 0.46987962962962965 0.024395833333333526 0.0419537037037036
3 0.9120208333333333 0.41659259259259257 0.025677083333333427 0.04609259259259251
3 0.11670312499999999 0.43359259259259253 0.013552083333333308 0.03390740740740736