3 0.9015625 0.5444444444444444 0.01875 0.041666666666666664
3 0.8078125 0.5722222222222222 0.0234375 0.04722222222222222
3 0.7921875 0.46805555555555556 0.0171875 0.03888888888888889
3 0.73125 0.5305555555555556 0.0234375 0.03611111111111111
3 0.678125 0.5680555555555555 0.025 0.05
3 0.665625 0.4597222222222222 0.0171875 0.03611111111111111
3 0.60078125 0.5083333333333333 0.021875 0.04722222222222222
3 0.575 0.39861111111111114 0.015625 0.03611111111111111
3 0.47578125 0.3958333333333333 0.015625 0.03611111111111111
3 0.4265625 0.5986111111111111 0.03125 0.058333333333333334
3 0.3609375 0.4986111111111111 0.0359375 0.06388888888888888
3 0.28828125 0.4 0.0234375 0.05277777777777778
3 0.13984375 0.6041666666666666 0.0359375 0.075
3 0.10625 0.4625 0.0328125 0.06111111111111111
3 0.10859375 0.37777777777777777 0.025 0.044444444444444446