0 0.05106770833333333 0.40858333333333324 0.012916666666666665 0.03865740740740746
0 0.13508333333333333 0.3939259259259259 0.01635416666666667 0.032962962962962986
0 0.23128124999999997 0.4363796296296296 0.01967708333333329 0.03939814814814816
0 0.2552395833333333 0.3486481481481481 0.011682291666666612 0.028462962962962933
0 0.35233854166666667 0.4680833333333333 0.022104166666666723 0.048018518518518426
0 0.4274322916666666 0.4421851851851852 0.01875 0.039722222222222256
0 0.381421875 0.37176851851851844 0.015322916666666676 0.03308333333333336
0 0.33064583333333336 0.323574074074074 0.012411458333333325 0.02676851851851849
0 0.47240104166666663 0.3354907407407407 0.014010416666666714 0.030574074074074056
0 0.49678645833333335 0.4073518518518518 0.016421874999999985 0.03398148148148152
0 0.5678802083333332 0.37836111111111104 0.012296875000000007 0.023314814814814767
0 0.5902916666666667 0.5901851851851851 0.027729166666666492 0.040796296296296296
0 0.6807291666666666 0.4914074074074074 0.024875000000000112 0.048222222222222264
0 0.7197812499999999 0.43801851851851853 0.018838541666666764 0.04093518518518522
0 0.9406718749999999 0.3988703703703703 0.022781249999999885 0.037685185185185176
0 0.9013541666666665 0.5477314814814814 0.0299687500000001 0.046620370370370284
0 0.8698177083333333 0.6569074074074075 0.03334895833333355 0.06304629629629627