2 0.05859375 0.2972222222222222 0.021875 0.05277777777777778
2 0.184375 0.3055555555555556 0.0234375 0.04722222222222222
2 0.2109375 0.3875 0.03125 0.058333333333333334
2 0.321875 0.2972222222222222 0.01875 0.041666666666666664
2 0.34453125 0.3819444444444444 0.021875 0.041666666666666664
2 0.39375 0.45694444444444443 0.0328125 0.058333333333333334
2 0.3921875 0.29583333333333334 0.015625 0.03333333333333333
2 0.4453125 0.3527777777777778 0.01875 0.041666666666666664
2 0.47734375 0.44166666666666665 0.0234375 0.04722222222222222
2 0.6421875 0.4083333333333333 0.021875 0.04722222222222222
2 0.65234375 0.6236111111111111 0.0375 0.075
2 0.75390625 0.5611111111111111 0.034375 0.06944444444444445
2 0.84140625 0.5152777777777777 0.0328125 0.06388888888888888
2 0.9453125 0.8180555555555555 0.046875 0.08888888888888889