2 0.84765625 0.39415041782729804 0.0203125 0.05013927576601671
2 0.81484375 0.47214484679665736 0.025 0.055710306406685235
2 0.70546875 0.34958217270194986 0.0171875 0.04178272980501393
2 0.67265625 0.43036211699164345 0.021875 0.04178272980501393
2 0.61875 0.4972144846796657 0.0234375 0.052924791086350974
2 0.63046875 0.3286908077994429 0.015625 0.03064066852367688
2 0.57421875 0.3802228412256267 0.0203125 0.04178272980501393
2 0.53203125 0.46518105849582175 0.0203125 0.04456824512534819
2 0.47734375 0.34401114206128136 0.0171875 0.036211699164345405
2 0.4484375 0.4192200557103064 0.0203125 0.036211699164345405
2 0.36328125 0.3802228412256267 0.01875 0.04456824512534819
2 0.33515625 0.6058495821727019 0.034375 0.06685236768802229
2 0.23515625 0.5041782729805014 0.03125 0.06963788300835655
2 0.153125 0.4456824512534819 0.025 0.05013927576601671
2 0.02109375 0.7284122562674095 0.0375 0.07799442896935933
2 0.98203125 0.41643454038997213 0.0140625 0.052924791086350974