3 0.95625 0.34305555555555556 0.0203125 0.044444444444444446
3 0.8671875 0.34305555555555556 0.021875 0.03888888888888889
3 0.7859375 0.41805555555555557 0.0265625 0.05277777777777778
3 0.74609375 0.3486111111111111 0.01875 0.03333333333333333
3 0.7 0.4166666666666667 0.021875 0.03888888888888889
3 0.66171875 0.49166666666666664 0.0234375 0.041666666666666664
3 0.61640625 0.38472222222222224 0.01875 0.03611111111111111
3 0.56640625 0.45694444444444443 0.0234375 0.04722222222222222
3 0.52421875 0.3763888888888889 0.01875 0.03888888888888889
3 0.50390625 0.4791666666666667 0.0234375 0.03888888888888889
3 0.4265625 0.6402777777777777 0.03125 0.058333333333333334
3 0.33359375 0.5791666666666667 0.0296875 0.06111111111111111
3 0.259375 0.5277777777777778 0.025 0.05277777777777778
3 0.153125 0.8027777777777778 0.0359375 0.075
3 0.084375 0.6555555555555556 0.0359375 0.075
3 0.0578125 0.5555555555555556 0.03125 0.041666666666666664