2 0.12265625 0.3402777777777778 0.015625 0.03888888888888889
2 0.2078125 0.3347222222222222 0.0171875 0.03888888888888889
2 0.2828125 0.39444444444444443 0.0234375 0.044444444444444446
2 0.31953125 0.31527777777777777 0.01875 0.03611111111111111
2 0.39296875 0.30972222222222223 0.0125 0.030555555555555555
2 0.3578125 0.39444444444444443 0.01875 0.03611111111111111
2 0.403125 0.4513888888888889 0.05 0.09444444444444444
2 0.4375 0.3597222222222222 0.0171875 0.03611111111111111
2 0.4765625 0.4388888888888889 0.01875 0.03888888888888889
2 0.52734375 0.3458333333333333 0.0140625 0.03333333333333333
2 0.55234375 0.40555555555555556 0.0203125 0.03611111111111111
2 0.62265625 0.38472222222222224 0.0171875 0.03333333333333333
2 0.63671875 0.5902777777777778 0.0296875 0.06111111111111111
2 0.72265625 0.5416666666666666 0.0265625 0.058333333333333334
2 0.89375 0.7430555555555556 0.040625 0.07222222222222222
2 0.96328125 0.625 0.034375 0.06388888888888888
2 0.99140625 0.5430555555555555 0.0171875 0.05277777777777778