1 0.09674999999999999 0.46351851851851855 0.022343749999999996 0.029611111111111182
1 0.20160937499999995 0.49275925925925923 0.02270833333333335 0.043953703703703675
1 0.2322083333333333 0.41913888888888884 0.015609375000000014 0.02765740740740736
1 0.329484375 0.5191203703703704 0.022911458333333367 0.04987962962962958
1 0.361359375 0.4206203703703703 0.01114583333333341 0.03368518518518518
1 0.43791145833333334 0.47987037037037034 0.014578125000000063 0.03774999999999993
1 0.4507239583333333 0.38657407407407407 0.012635416666666722 0.02834259259259255
1 0.5441979166666666 0.42412037037037037 0.010135416666666685 0.025277777777777684
1 0.5687864583333333 0.6308518518518519 0.026432291666666607 0.045074074074074134
1 0.659765625 0.5176481481481481 0.026046875000000115 0.05612037037037033
1 0.7061302083333333 0.4742037037037036 0.024322916666666573 0.03558333333333334
1 0.8438802083333332 0.6929722222222221 0.0339114583333334 0.062212962962962984
1 0.8810677083333334 0.5888796296296296 0.03024479166666687 0.05648148148148143
1 0.8815677083333332 0.5137407407407407 0.030255208333333526 0.03553703703703708
1 0.9108958333333333 0.43644444444444447 0.022802083333333556 0.030435185185185138