2 0.95234375 0.2986111111111111 0.01875 0.04722222222222222
2 0.8359375 0.3055555555555556 0.025 0.04722222222222222
2 0.80625 0.37083333333333335 0.025 0.05
2 0.69921875 0.2861111111111111 0.0171875 0.03888888888888889
2 0.6796875 0.36944444444444446 0.01875 0.03888888888888889
2 0.63203125 0.43472222222222223 0.0265625 0.05555555555555555
2 0.6359375 0.28194444444444444 0.0140625 0.03333333333333333
2 0.5875 0.3388888888888889 0.01875 0.03888888888888889
2 0.55234375 0.41805555555555557 0.0203125 0.044444444444444446
2 0.47578125 0.39444444444444443 0.0203125 0.03888888888888889
2 0.3984375 0.375 0.0171875 0.041666666666666664
2 0.384375 0.5791666666666667 0.03125 0.058333333333333334
2 0.29375 0.5125 0.03125 0.058333333333333334
2 0.21171875 0.46805555555555556 0.0265625 0.04722222222222222
2 0.11484375 0.7388888888888889 0.0421875 0.07777777777777778
2 0.04921875 0.6180555555555556 0.034375 0.06111111111111111
2 0.02421875 0.5375 0.03125 0.04722222222222222
2 0.01015625 0.4847222222222222 0.0203125 0.04722222222222222
2 0.49765625 0.32222222222222224 0.01875 0.03611111111111111