3 0.08671875 0.45403899721448465 0.0203125 0.04735376044568245
3 0.1140625 0.3565459610027855 0.0171875 0.033426183844011144
3 0.17578125 0.4233983286908078 0.021875 0.03899721448467967
3 0.2015625 0.3147632311977716 0.015625 0.03064066852367688
3 0.271875 0.362116991643454 0.01875 0.036211699164345405
3 0.23359375 0.4832869080779944 0.028125 0.05013927576601671
3 0.31875 0.43454038997214484 0.0234375 0.04178272980501393
3 0.35546875 0.30919220055710306 0.015625 0.036211699164345405
3 0.39140625 0.40947075208913647 0.0234375 0.036211699164345405
3 0.47109375 0.3398328690807799 0.01875 0.04178272980501393
3 0.5078125 0.575208913649025 0.0328125 0.055710306406685235
3 0.828125 0.6545961002785515 0.0390625 0.07799442896935933
3 0.6125 0.4818941504178273 0.034375 0.06406685236768803
3 0.66640625 0.4192200557103064 0.0265625 0.04735376044568245
3 0.865625 0.5041782729805014 0.034375 0.06963788300835655
3 0.85703125 0.41225626740947074 0.028125 0.05013927576601671
3 0.9 0.34958217270194986 0.0296875 0.052924791086350974