2 0.121875 0.5598885793871866 0.021875 0.04735376044568245
2 0.21015625 0.48885793871866295 0.021875 0.04735376044568245
2 0.303125 0.49442896935933145 0.0296875 0.055710306406685235
2 0.32265625 0.38440111420612816 0.0234375 0.04456824512534819
2 0.3984375 0.3231197771587744 0.0171875 0.03899721448467967
2 0.38203125 0.4387186629526462 0.0234375 0.04456824512534819
2 0.44296875 0.46518105849582175 0.0625 0.116991643454039
2 0.4578125 0.3412256267409471 0.021875 0.04456824512534819
2 0.51796875 0.3955431754874652 0.0234375 0.04735376044568245
2 0.54921875 0.2590529247910863 0.01875 0.03899721448467967
2 0.5890625 0.30362116991643456 0.025 0.04456824512534819
2 0.6578125 0.22841225626740946 0.021875 0.04178272980501393
2 0.721875 0.43454038997214484 0.0375 0.07242339832869081
2 0.80078125 0.31754874651810583 0.034375 0.06963788300835655