3 0.14453125 0.5724233983286908 0.0375 0.06685236768802229
3 0.2828125 0.5543175487465181 0.0375 0.06963788300835655
3 0.2484375 0.3997214484679666 0.025 0.05013927576601671
3 0.39453125 0.47075208913649025 0.0328125 0.06406685236768803
3 0.40625 0.3579387186629526 0.021875 0.04178272980501393
3 0.43671875 0.42479108635097496 0.0296875 0.055710306406685235
3 0.50625 0.36768802228412256 0.01875 0.03899721448467967
3 0.553125 0.5710306406685237 0.0390625 0.06128133704735376
3 0.63359375 0.43454038997214484 0.0328125 0.07242339832869081
3 0.8515625 0.5598885793871866 0.040625 0.07520891364902507
3 0.8921875 0.3231197771587744 0.0359375 0.0584958217270195
3 0.90078125 0.2479108635097493 0.0296875 0.05013927576601671