1 0.11328125 0.32172701949860727 0.0296875 0.0584958217270195
1 0.15546875 0.25069637883008355 0.0203125 0.036211699164345405
1 0.25390625 0.3969359331476323 0.03125 0.06406685236768803
1 0.30078125 0.298050139275766 0.015625 0.04178272980501393
1 0.3796875 0.39136490250696376 0.0203125 0.04735376044568245
1 0.4046875 0.29108635097493035 0.0171875 0.036211699164345405
1 0.50546875 0.36629526462395545 0.0140625 0.033426183844011144
1 0.51015625 0.6072423398328691 0.034375 0.06128133704735376
1 0.625 0.5125348189415042 0.0359375 0.07242339832869081
1 0.68125 0.479108635097493 0.03125 0.04735376044568245
1 0.81171875 0.7743732590529248 0.0453125 0.0807799442896936
1 0.86484375 0.66991643454039 0.040625 0.07520891364902507
1 0.87421875 0.5863509749303621 0.0375 0.05013927576601671
1 0.915625 0.5097493036211699 0.0296875 0.04178272980501393