0 0.00625 0.6211699164345403 0.0109375 0.04735376044568245
0 0.0921875 0.5738161559888579 0.021875 0.04178272980501393
0 0.1859375 0.5877437325905293 0.028125 0.05013927576601671
0 0.22265625 0.47075208913649025 0.01875 0.033426183844011144
0 0.27421875 0.5278551532033426 0.021875 0.04178272980501393
0 0.30078125 0.4192200557103064 0.01875 0.027855153203342618
0 0.34140625 0.5668523676880223 0.03125 0.0584958217270195
0 0.3609375 0.44707520891364905 0.0203125 0.03899721448467967
0 0.4234375 0.5013927576601671 0.025 0.052924791086350974
0 0.4625 0.36768802228412256 0.0203125 0.03899721448467967
0 0.50078125 0.42896935933147634 0.0234375 0.04178272980501393
0 0.56640625 0.362116991643454 0.0203125 0.04456824512534819
0 0.621875 0.5919220055710307 0.0421875 0.0584958217270195
0 0.71171875 0.45264623955431754 0.034375 0.06963788300835655
0 0.75234375 0.3746518105849582 0.0359375 0.055710306406685235
0 0.95859375 0.5654596100278552 0.04375 0.08356545961002786
0 0.96796875 0.4206128133704735 0.0453125 0.08356545961002786