3 0.04574479166666666 0.4605185185185185 0.015234375 0.03581481481481477
3 0.13199999999999998 0.43981481481481477 0.017729166666666664 0.036555555555555626
3 0.21729166666666666 0.48943518518518514 0.022385416666666647 0.04020370370370377
3 0.2971197916666667 0.46980555555555553 0.02102083333333331 0.03278703703703706
3 0.341515625 0.5301203703703703 0.022916666666666696 0.04433333333333343
3 0.3785572916666667 0.4202685185185185 0.015963541666666713 0.03287962962962957
3 0.4226875 0.48768518518518517 0.020630208333333223 0.04019444444444452
3 0.4629010416666667 0.38685185185185184 0.014223958333333364 0.02932407407407409
3 0.58484375 0.6183055555555554 0.02993749999999995 0.048888888888888794
3 0.6553854166666666 0.5575277777777777 0.02697916666666682 0.04105555555555548
3 0.734109375 0.46791666666666665 0.022499999999999964 0.04453703703703695
3 0.8650520833333333 0.710824074074074 0.03189062500000013 0.06184259259259248
3 0.9274322916666666 0.5647407407407407 0.031015625000000213 0.055675925925925976
3 0.9301197916666666 0.4507222222222222 0.022984375000000057 0.03773148148148143