0 0.05742708333333333 0.4361851851851851 0.014119791666666659 0.03493518518518515
0 0.13172916666666662 0.42483333333333334 0.021286458333333334 0.026351851851851887
0 0.23613541666666665 0.4601018518518518 0.019692708333333274 0.04450000000000011
0 0.2607552083333333 0.37373148148148144 0.011817708333333333 0.03279629629629631
0 0.30305208333333333 0.43839814814814815 0.015666666666666627 0.021351851851851854
0 0.35525 0.4909166666666667 0.020927083333333395 0.04610185185185177
0 0.33455208333333336 0.35356481481481483 0.010593749999999957 0.026009259259259288
0 0.3848802083333333 0.39198148148148143 0.014229166666666604 0.030518518518518552
0 0.4335625 0.46431481481481474 0.016911458333333407 0.02744444444444443
0 0.47740104166666664 0.35883333333333334 0.013296874999999986 0.02295370370370367
0 0.5668593749999999 0.38520370370370366 0.012854166666666523 0.02655555555555556
0 0.49683854166666663 0.4243518518518518 0.01636458333333337 0.028037037037036958
0 0.5945677083333333 0.5934259259259259 0.02545833333333345 0.053601851851851894
0 0.6852760416666667 0.5084722222222222 0.02481770833333332 0.045472222222222074
0 0.7264062499999999 0.4545092592592593 0.02311458333333345 0.04002777777777785
0 0.8786249999999999 0.6741944444444444 0.029776041666666586 0.06595370370370372
0 0.9038854166666667 0.5634907407407408 0.028609374999999916 0.04056481481481471
0 0.9459270833333333 0.41380555555555554 0.02363020833333316 0.03576851851851851