0 0.0359375 0.5306406685236769 0.0171875 0.04178272980501393
0 0.11796875 0.48885793871866295 0.01875 0.036211699164345405
0 0.234375 0.4025069637883008 0.0171875 0.027855153203342618
0 0.30546875 0.362116991643454 0.0140625 0.025069637883008356
0 0.284375 0.45403899721448465 0.0203125 0.03064066852367688
0 0.3421875 0.49025069637883006 0.0265625 0.052924791086350974
0 0.3609375 0.3816155988857939 0.0171875 0.036211699164345405
0 0.4109375 0.4415041782729805 0.021875 0.04456824512534819
0 0.44765625 0.318941504178273 0.0171875 0.036211699164345405
0 0.546875 0.3245125348189415 0.0171875 0.03064066852367688
0 0.5921875 0.520891364902507 0.034375 0.052924791086350974
0 0.6625 0.3969359331476323 0.028125 0.0584958217270195
0 0.7046875 0.32729805013927576 0.025 0.04735376044568245
0 0.88203125 0.5027855153203342 0.040625 0.07520891364902507
0 0.88359375 0.28551532033426186 0.0328125 0.055710306406685235
0 0.89453125 0.3774373259052925 0.034375 0.052924791086350974
0 0.9171875 0.22423398328690808 0.028125 0.04456824512534819