1 0.0556875 0.46249074074074076 0.014442708333333321 0.035657407407407346
1 0.1518020833333333 0.44587962962962957 0.021140625000000003 0.032212962962962874
1 0.2576145833333333 0.47960185185185183 0.016718749999999984 0.04210185185185193
1 0.31961979166666665 0.5565370370370369 0.02283333333333326 0.045111111111111137
1 0.289546875 0.40172222222222226 0.016359375000000044 0.030796296296296235
1 0.3656510416666666 0.4824444444444444 0.012614583333333318 0.027944444444444452
1 0.368171875 0.3838055555555555 0.012687499999999918 0.023675925925926024
1 0.45992708333333326 0.48174999999999996 0.015583333333333371 0.03730555555555558
1 0.5013958333333333 0.3926574074074074 0.014135416666666779 0.02651851851851856
1 0.526578125 0.45447222222222217 0.01799999999999997 0.031833333333333276
1 0.5934322916666667 0.4296111111111111 0.010968749999999972 0.027472222222222183
1 0.6187760416666667 0.61925 0.025765624999999837 0.05194444444444441
1 0.7094739583333334 0.521537037037037 0.026078125000000084 0.05733333333333345
1 0.7504270833333333 0.49327777777777776 0.023265624999999977 0.04133333333333332
1 0.9311354166666665 0.5446388888888889 0.029859374999999844 0.04222222222222219