1 0.07913541666666665 0.45749999999999996 0.019723958333333336 0.031212962962962998
1 0.19235416666666666 0.48928703703703696 0.020677083333333356 0.0445462962962962
1 0.2217083333333333 0.4154537037037037 0.016156249999999962 0.028101851851851874
1 0.3194114583333333 0.5131203703703703 0.0234375 0.04804629629629634
1 0.34615104166666666 0.42574999999999996 0.012848958333333372 0.03227777777777779
1 0.42984895833333325 0.47433333333333333 0.01923437500000009 0.03853703703703704
1 0.4463749999999999 0.37893518518518515 0.014614583333333365 0.030833333333333237
1 0.47486458333333326 0.4484814814814814 0.018484375000000063 0.03112037037037033
1 0.5379010416666666 0.4166203703703703 0.009999999999999964 0.029101851851851754
1 0.5597031250000001 0.6144537037037037 0.02602083333333329 0.050703703703703695
1 0.6456770833333334 0.5158518518518518 0.020567708333333278 0.05056481481481478
1 0.6967343749999999 0.4683333333333334 0.022640624999999838 0.0370462962962964
1 0.8335625 0.6822129629629629 0.03240625000000001 0.0641574074074074
1 0.8730677083333334 0.5835092592592592 0.0338750000000001 0.05818518518518516
1 0.8759895833333333 0.4974629629629629 0.028562499999999956 0.03776851851851843
1 0.9039270833333333 0.42474074074074075 0.023046875 0.03770370370370368