2 0.9765625 0.5541666666666667 0.01875 0.04722222222222222
2 0.86328125 0.5013888888888889 0.0203125 0.044444444444444446
2 0.82578125 0.5652777777777778 0.021875 0.05
2 0.73203125 0.42083333333333334 0.0171875 0.03888888888888889
2 0.7 0.4875 0.0234375 0.041666666666666664
2 0.64453125 0.5291666666666667 0.025 0.04722222222222222
2 0.61640625 0.4125 0.0203125 0.044444444444444446
2 0.56953125 0.4736111111111111 0.0203125 0.05
2 0.53125 0.3541666666666667 0.0171875 0.03611111111111111
2 0.49921875 0.4125 0.0203125 0.03888888888888889
2 0.42734375 0.35694444444444445 0.0171875 0.03888888888888889
2 0.3828125 0.5444444444444444 0.034375 0.06666666666666667
2 0.30546875 0.43472222222222223 0.0296875 0.06388888888888888
2 0.23359375 0.3541666666666667 0.0265625 0.05
2 0.10078125 0.5666666666666667 0.0375 0.07222222222222222
2 0.053125 0.4166666666666667 0.034375 0.06666666666666667
2 0.04140625 0.32916666666666666 0.03125 0.05277777777777778
2 0.0328125 0.2722222222222222 0.028125 0.041666666666666664