1 0.015203125000000001 0.563324074074074 0.014848958333333329 0.038833333333333386
1 0.11736979166666665 0.5513703703703704 0.02121875000000002 0.029685185185185186
1 0.22242708333333333 0.5875462962962963 0.01771354166666663 0.03958333333333333
1 0.253390625 0.5172777777777777 0.015322916666666676 0.02729629629629626
1 0.3460729166666667 0.6204907407407407 0.021786458333333324 0.047129629629629716
1 0.45497395833333326 0.5854907407407407 0.014625000000000022 0.038999999999999896
1 0.4685989583333333 0.5024537037037037 0.013786458333333407 0.027361111111111017
1 0.49799999999999994 0.5613425925925926 0.019020833333333265 0.029870370370370363
1 0.5630833333333333 0.5358518518518518 0.011343750000000163 0.029907407407407365
1 0.5774947916666666 0.7397407407407406 0.02713541666666668 0.04985185185185167
1 0.672703125 0.6422592592592592 0.024109374999999923 0.05299999999999996
1 0.718 0.6014537037037038 0.021546874999999945 0.046638888888888785
1 0.8551770833333332 0.8283888888888888 0.0300416666666667 0.06675925925925917
1 0.8988854166666667 0.7259351851851851 0.03534375000000019 0.062416666666666745
1 0.8980052083333334 0.6483425925925926 0.03158333333333339 0.03596296296296294
1 0.9323593750000001 0.5731388888888889 0.023817708333333344 0.04138888888888898