3 0.884375 0.5459610027855153 0.025 0.04178272980501393
3 0.775 0.5598885793871866 0.0265625 0.052924791086350974
3 0.6953125 0.5139275766016713 0.0296875 0.05013927576601671
3 0.6796875 0.40807799442896936 0.0171875 0.03899721448467967
3 0.64296875 0.5459610027855153 0.0375 0.07242339832869081
3 0.62265625 0.4387186629526462 0.01875 0.03899721448467967
3 0.52734375 0.3732590529247911 0.01875 0.03899721448467967
3 0.4859375 0.4428969359331476 0.0296875 0.04735376044568245
3 0.41484375 0.3732590529247911 0.0234375 0.04456824512534819
3 0.37109375 0.5807799442896936 0.0390625 0.0807799442896936
3 0.28203125 0.467966573816156 0.046875 0.09192200557103064
3 0.23671875 0.383008356545961 0.0390625 0.06963788300835655
3 0.05546875 0.596100278551532 0.0546875 0.09192200557103064
3 0.0671875 0.4582172701949861 0.034375 0.04735376044568245
3 0.01953125 0.29526462395543174 0.0203125 0.055710306406685235