2 0.93984375 0.36908077994428967 0.015625 0.04456824512534819
2 0.8296875 0.362116991643454 0.01875 0.03899721448467967
2 0.803125 0.435933147632312 0.025 0.052924791086350974
2 0.703125 0.33565459610027853 0.015625 0.036211699164345405
2 0.63828125 0.3245125348189415 0.0125 0.027855153203342618
2 0.67421875 0.40807799442896936 0.01875 0.033426183844011144
2 0.58828125 0.3746518105849582 0.0171875 0.036211699164345405
2 0.55234375 0.45125348189415043 0.01875 0.03899721448467967
2 0.5015625 0.35236768802228413 0.0140625 0.03064066852367688
2 0.47890625 0.4192200557103064 0.015625 0.03064066852367688
2 0.403125 0.3955431754874652 0.015625 0.03064066852367688
2 0.38671875 0.5905292479108635 0.028125 0.052924791086350974
2 0.2953125 0.5069637883008357 0.028125 0.0584958217270195
2 0.22578125 0.46518105849582175 0.0234375 0.04456824512534819
2 0.1140625 0.7325905292479109 0.0359375 0.07242339832869081
2 0.0609375 0.5974930362116991 0.034375 0.06406685236768803
2 0.03515625 0.5181058495821727 0.028125 0.04735376044568245
2 0.0234375 0.467966573816156 0.0265625 0.04178272980501393