3 0.08046875 0.6476323119777159 0.021875 0.05013927576601671
3 0.1828125 0.6434540389972145 0.028125 0.06128133704735376
3 0.196875 0.532033426183844 0.0203125 0.04735376044568245
3 0.32734375 0.6183844011142061 0.028125 0.0584958217270195
3 0.4078125 0.5362116991643454 0.028125 0.05013927576601671
3 0.34296875 0.48746518105849584 0.021875 0.04456824512534819
3 0.28203125 0.4777158774373259 0.0171875 0.027855153203342618
3 0.44375 0.3997214484679666 0.0203125 0.04178272980501393
3 0.61328125 0.5933147632311978 0.040625 0.07242339832869081
3 0.690625 0.4637883008356546 0.0359375 0.06685236768802229
3 0.75546875 0.34540389972144847 0.03125 0.06128133704735376
3 0.93359375 0.5515320334261838 0.0453125 0.09192200557103064
3 0.95703125 0.38579387186629527 0.0328125 0.07242339832869081
3 0.96640625 0.2827298050139276 0.0328125 0.06128133704735376
3 0.96328125 0.21587743732590528 0.0265625 0.033426183844011144
3 0.27109375 0.5877437325905293 0.0265625 0.04735376044568245