3 0.02421875 0.38440111420612816 0.0234375 0.03899721448467967
3 0.1296875 0.435933147632312 0.025 0.055710306406685235
3 0.2671875 0.4860724233983287 0.0265625 0.052924791086350974
3 0.30546875 0.3788300835654596 0.0203125 0.033426183844011144
3 0.375 0.45125348189415043 0.021875 0.04735376044568245
3 0.40390625 0.3426183844011142 0.01875 0.036211699164345405
3 0.43671875 0.42618384401114207 0.028125 0.04735376044568245
3 0.51953125 0.38440111420612816 0.01875 0.036211699164345405
3 0.5328125 0.6183844011142061 0.0328125 0.07520891364902507
3 0.63828125 0.5250696378830083 0.034375 0.06685236768802229
3 0.94375 0.44986072423398327 0.0328125 0.04735376044568245
3 0.91328125 0.520891364902507 0.03125 0.0584958217270195
3 0.8875 0.6239554317548747 0.0375 0.07520891364902507
3 0.834375 0.7437325905292479 0.034375 0.0807799442896936