0 0.0375 0.4958217270194986 0.01875 0.04735376044568245
0 0.1234375 0.4610027855153203 0.0171875 0.03899721448467967
0 0.21171875 0.48746518105849584 0.0234375 0.05013927576601671
0 0.2390625 0.3871866295264624 0.015625 0.027855153203342618
0 0.2875 0.4401114206128134 0.01875 0.033426183844011144
0 0.34453125 0.4818941504178273 0.0265625 0.055710306406685235
0 0.36640625 0.3746518105849582 0.0171875 0.036211699164345405
0 0.4171875 0.4428969359331476 0.021875 0.04178272980501393
0 0.45625 0.3231197771587744 0.0171875 0.03064066852367688
0 0.553125 0.33565459610027853 0.0140625 0.027855153203342618
0 0.59453125 0.5348189415041783 0.03125 0.055710306406685235
0 0.66953125 0.4178272980501393 0.03125 0.0584958217270195
0 0.71171875 0.35097493036211697 0.0234375 0.04456824512534819
0 0.8875 0.5515320334261838 0.0359375 0.06685236768802229
0 0.903125 0.4220055710306407 0.0328125 0.04456824512534819
0 0.89453125 0.3328690807799443 0.034375 0.055710306406685235
0 0.92890625 0.266016713091922 0.0265625 0.04456824512534819