1 0.006921874999999999 0.5650277777777778 0.013843749999999998 0.03684259259259256
1 0.11172395833333333 0.5484629629629629 0.01937500000000001 0.02948148148148135
1 0.21488541666666663 0.5828518518518518 0.017619791666666718 0.041935185185185096
1 0.2462552083333333 0.5121481481481481 0.013791666666666647 0.029055555555555657
1 0.33966145833333333 0.6142962962962963 0.018807291666666615 0.045074074074074134
1 0.37425520833333337 0.5228703703703704 0.01469791666666671 0.03288888888888882
1 0.449625 0.57575 0.016447916666666628 0.03739814814814824
1 0.46464062500000003 0.49164814814814817 0.013427083333333378 0.02907407407407416
1 0.493375 0.5510648148148148 0.017505208333333223 0.033222222222222327
1 0.5580729166666666 0.5262129629629629 0.01018229166666682 0.029509259259259107
1 0.6634427083333333 0.628824074074074 0.026166666666666494 0.05462962962962968
1 0.7124947916666666 0.5859629629629629 0.02184895833333318 0.047759259259259244
1 0.849296875 0.8124444444444445 0.02910416666666684 0.07134259259259244
1 0.8908489583333333 0.7101296296296296 0.02979166666666657 0.0590648148148147
1 0.8919218749999999 0.6273703703703702 0.02727604166666673 0.038564814814814954
1 0.9240468749999999 0.5582592592592591 0.022552083333333427 0.03635185185185179