3 0.1 0.39415041782729804 0.025 0.036211699164345405
3 0.1875 0.4623955431754875 0.0296875 0.055710306406685235
3 0.3390625 0.5222841225626741 0.028125 0.04735376044568245
3 0.32109375 0.34540389972144847 0.0171875 0.036211699164345405
3 0.428125 0.479108635097493 0.021875 0.04178272980501393
3 0.50390625 0.45125348189415043 0.0265625 0.04178272980501393
3 0.48046875 0.37604456824512533 0.0171875 0.036211699164345405
3 0.575 0.4192200557103064 0.015625 0.04735376044568245
3 0.584375 0.6434540389972145 0.025 0.05013927576601671
3 0.6953125 0.5557103064066853 0.0359375 0.06685236768802229
3 0.89453125 0.7743732590529248 0.0375 0.06963788300835655
3 0.92265625 0.6462395543175488 0.0375 0.0584958217270195
3 0.94609375 0.5612813370473537 0.0328125 0.04456824512534819
3 0.9859375 0.49025069637883006 0.028125 0.04456824512534819