3 0.11432291666666665 0.43880555555555556 0.019109374999999984 0.03227777777777779
3 0.20808854166666663 0.47275 0.019333333333333334 0.046435185185185114
3 0.3289739583333333 0.5011018518518519 0.021791666666666654 0.04335185185185174
3 0.35861979166666663 0.4033518518518518 0.016416666666666656 0.028037037037036958
3 0.42152604166666663 0.45926851851851846 0.018161458333333335 0.03817592592592594
3 0.4430677083333333 0.36193518518518514 0.01519270833333337 0.029379629629629634
3 0.47418750000000004 0.4306574074074074 0.022953124999999908 0.03927777777777774
3 0.5449270833333333 0.3856851851851852 0.01455208333333342 0.02919444444444442
3 0.5646041666666666 0.5869907407407408 0.025760416666666685 0.06108333333333336
3 0.6529322916666667 0.4943425925925925 0.02747916666666672 0.054768518518518605
3 0.9156041666666667 0.39662037037037035 0.026572916666666658 0.03731481481481483
3 0.8916718749999999 0.4613703703703703 0.025968750000000186 0.04877777777777778
3 0.8728437499999998 0.5528703703703703 0.0309687499999999 0.06083333333333343
3 0.8306510416666665 0.6625185185185185 0.027041666666666585 0.06719444444444443