1 0.9828125 0.5557103064066853 0.015625 0.04735376044568245
1 0.8734375 0.541782729805014 0.0234375 0.033426183844011144
1 0.75546875 0.5877437325905293 0.0171875 0.05013927576601671
1 0.721875 0.5055710306406686 0.0140625 0.03064066852367688
1 0.65078125 0.48885793871866295 0.015625 0.027855153203342618
1 0.6296875 0.6323119777158774 0.021875 0.05013927576601671
1 0.59609375 0.5306406685236769 0.0140625 0.036211699164345405
1 0.5140625 0.5988857938718662 0.0171875 0.04178272980501393
1 0.4953125 0.5069637883008357 0.0140625 0.03064066852367688
1 0.46640625 0.5738161559888579 0.0171875 0.033426183844011144
1 0.39375 0.5543175487465181 0.0109375 0.027855153203342618
1 0.3671875 0.7646239554317549 0.0265625 0.06406685236768803
1 0.27265625 0.6754874651810585 0.028125 0.0584958217270195
1 0.2265625 0.6309192200557103 0.025 0.04735376044568245
1 0.07109375 0.8885793871866295 0.0421875 0.07799442896935933
1 0.028125 0.7827298050139275 0.0390625 0.06685236768802229
1 0.0296875 0.6935933147632312 0.0328125 0.03899721448467967