2 0.11393749999999998 0.3841666666666666 0.012083333333333312 0.03956481481481483
2 0.20368229166666665 0.36288888888888887 0.015890625000000002 0.03572222222222226
2 0.232703125 0.4323333333333333 0.022281249999999985 0.046472222222222116
2 0.3261302083333333 0.3300092592592593 0.013166666666666682 0.033509259259259176
2 0.38746875000000003 0.3065 0.011338541666666656 0.03010185185185187
2 0.3510520833333333 0.401074074074074 0.017411458333333397 0.02882407407407407
2 0.40267187499999996 0.44953703703703696 0.021526041666666627 0.04555555555555565
2 0.4383020833333333 0.35307407407407404 0.014635416666666679 0.03153703703703709
2 0.47768229166666665 0.4207037037037037 0.015302083333333449 0.03828703703703711
2 0.5218385416666667 0.3193981481481481 0.012437500000000056 0.029962962962962948
2 0.5475312499999999 0.3850925925925926 0.01771354166666672 0.032046296296296364
2 0.6214583333333333 0.34977777777777774 0.014505208333333287 0.03300925925925924
2 0.6441145833333334 0.552287037037037 0.026661458333333422 0.052944444444444454
2 0.7275833333333332 0.48665740740740737 0.024286458333333448 0.05262962962962961
2 0.7868958333333332 0.40970370370370374 0.02215104166666677 0.04410185185185185
2 0.9170937499999999 0.6466759259259258 0.03577083333333313 0.0742037037037038
2 0.9754635416666666 0.519324074074074 0.029953125000000115 0.058324074074074084
2 0.9944270833333333 0.43645370370370373 0.011140624999999816 0.04937037037037047