3 0.10859375 0.5444444444444444 0.01875 0.044444444444444446
3 0.19765625 0.5638888888888889 0.025 0.05
3 0.215625 0.46111111111111114 0.01875 0.027777777777777776
3 0.27421875 0.5208333333333334 0.021875 0.03611111111111111
3 0.3265625 0.5597222222222222 0.025 0.05
3 0.296875 0.41805555555555557 0.0171875 0.030555555555555555
3 0.39765625 0.5041666666666667 0.0234375 0.044444444444444446
3 0.4703125 0.44722222222222224 0.0234375 0.03611111111111111
3 0.52734375 0.37916666666666665 0.0171875 0.03611111111111111
3 0.57578125 0.575 0.03125 0.06666666666666667
3 0.65 0.47638888888888886 0.0328125 0.06111111111111111
3 0.6921875 0.4 0.0234375 0.04722222222222222
3 0.86328125 0.5763888888888888 0.0421875 0.08333333333333333
3 0.86484375 0.4444444444444444 0.0296875 0.06388888888888888
3 0.903125 0.2972222222222222 0.028125 0.044444444444444446
3 0.42578125 0.38472222222222224 0.0125 0.03333333333333333