1 0.03046875 0.5933147632311978 0.0296875 0.04456824512534819
1 0.14609375 0.5793871866295265 0.028125 0.04735376044568245
1 0.171875 0.4832869080779944 0.021875 0.03899721448467967
1 0.28828125 0.5459610027855153 0.0265625 0.052924791086350974
1 0.31015625 0.43036211699164345 0.01875 0.03899721448467967
1 0.40390625 0.45264623955431754 0.0234375 0.05013927576601671
1 0.40234375 0.3467966573816156 0.0171875 0.036211699164345405
1 0.5125 0.34540389972144847 0.015625 0.03064066852367688
1 0.565625 0.5459610027855153 0.0359375 0.06128133704735376
1 0.65078125 0.39415041782729804 0.034375 0.06685236768802229
1 0.69453125 0.31754874651810583 0.0296875 0.05013927576601671
1 0.87734375 0.49025069637883006 0.0421875 0.08635097493036212
1 0.90859375 0.36629526462395545 0.046875 0.0807799442896936
1 0.91640625 0.17688022284122562 0.025 0.04178272980501393