3 0.192015625 0.4857685185185185 0.026239583333333316 0.05584259259259249
3 0.22133854166666667 0.4137685185185185 0.02128125000000001 0.03364814814814818
3 0.30246874999999995 0.38122222222222224 0.01186458333333329 0.025009259259259252
3 0.31733854166666664 0.5153888888888889 0.02147916666666667 0.047333333333333234
3 0.43089062499999997 0.4701296296296296 0.01853125000000002 0.043685185185185244
3 0.475015625 0.4426018518518518 0.01953125 0.03355555555555551
3 0.4492083333333333 0.3708611111111111 0.017125000000000057 0.03328703703703708
3 0.5616979166666667 0.6079074074074073 0.031255208333333506 0.046388888888888855
3 0.6477760416666667 0.503824074074074 0.025312499999999894 0.059472222222222294
3 0.6943697916666667 0.4511018518518518 0.02197395833333342 0.048000000000000084
3 0.8349322916666665 0.6708148148148149 0.035677083333333214 0.07351851851851861
3 0.8786197916666666 0.4772314814814814 0.0263802083333335 0.04787037037037041
3 0.9131354166666666 0.412574074074074 0.023223958333333527 0.036787037037037056