2 0.9265625 0.21727019498607242 0.0203125 0.04735376044568245
2 0.80390625 0.233983286908078 0.0234375 0.04735376044568245
2 0.78046875 0.32172701949860727 0.025 0.055710306406685235
2 0.66171875 0.2298050139275766 0.0203125 0.04178272980501393
2 0.64140625 0.32172701949860727 0.0203125 0.04178272980501393
2 0.5921875 0.39275766016713093 0.03125 0.06128133704735376
2 0.5890625 0.2298050139275766 0.0171875 0.03899721448467967
2 0.5375 0.298050139275766 0.01875 0.03899721448467967
2 0.50234375 0.38997214484679665 0.0234375 0.05013927576601671
2 0.440625 0.29108635097493035 0.01875 0.036211699164345405
2 0.41953125 0.37186629526462395 0.025 0.04178272980501393
2 0.33515625 0.3565459610027855 0.01875 0.03899721448467967
2 0.32734375 0.5779944289693594 0.0359375 0.07242339832869081
2 0.22265625 0.5013927576601671 0.034375 0.06963788300835655
2 0.040625 0.7743732590529248 0.04375 0.08913649025069638
2 0.1453125 0.47493036211699163 0.0265625 0.052924791086350974