0 0.9609375 0.2590529247910863 0.0203125 0.04735376044568245
0 0.87734375 0.2743732590529248 0.025 0.03899721448467967
0 0.78515625 0.3635097493036212 0.0265625 0.04735376044568245
0 0.7453125 0.2924791086350975 0.01875 0.03899721448467967
0 0.7140625 0.37047353760445684 0.0203125 0.033426183844011144
0 0.66953125 0.44986072423398327 0.0265625 0.05013927576601671
0 0.67109375 0.3008356545961003 0.0125 0.027855153203342618
0 0.625 0.362116991643454 0.01875 0.033426183844011144
0 0.5875 0.45403899721448465 0.0203125 0.036211699164345405
0 0.52890625 0.36908077994428967 0.0171875 0.03064066852367688
0 0.44296875 0.43036211699164345 0.0171875 0.033426183844011144
0 0.51875 0.44428969359331477 0.0203125 0.036211699164345405
0 0.3 0.5738161559888579 0.025 0.05013927576601671
0 0.4453125 0.6545961002785515 0.0359375 0.06406685236768803
0 0.346875 0.6086350974930362 0.03125 0.06128133704735376
0 0.178125 0.8523676880222841 0.0390625 0.07799442896935933
0 0.08046875 0.628133704735376 0.028125 0.04735376044568245
0 0.140625 0.7562674094707521 0.034375 0.055710306406685235