1 0.0138125 0.4764259259259259 0.013182291666666662 0.03489814814814814
1 0.11711979166666667 0.4568611111111111 0.019958333333333345 0.031055555555555576
1 0.21913020833333335 0.488287037037037 0.021291666666666664 0.04116666666666665
1 0.25103125 0.41688888888888886 0.014223958333333276 0.025435185185185262
1 0.34619791666666666 0.51325 0.021567708333333345 0.04853703703703711
1 0.3784739583333333 0.4230185185185185 0.012692708333333247 0.03185185185185178
1 0.45287499999999997 0.47765740740740736 0.015171875000000057 0.03637037037037029
1 0.4677604166666667 0.38662962962962966 0.012239583333333392 0.02616666666666671
1 0.5619114583333332 0.4225277777777777 0.009901041666666721 0.025972222222222126
1 0.5839010416666666 0.6205833333333334 0.025302083333333236 0.0445277777777777
1 0.676640625 0.5159814814814815 0.02407812499999995 0.05484259259259261
1 0.722640625 0.4768055555555556 0.02278645833333339 0.04271296296296296
1 0.8584791666666666 0.6871574074074074 0.03081770833333337 0.06208333333333332
1 0.8985208333333332 0.589111111111111 0.030718750000000128 0.05258333333333335
1 0.9329479166666665 0.43950925925925927 0.025182291666666502 0.039481481481481416