0 0.041796875 0.4661018518518518 0.013624999999999998 0.0382592592592592
0 0.11585416666666666 0.45712037037037034 0.022098958333333352 0.030824074074073986
0 0.22130208333333332 0.4888148148148147 0.01973958333333332 0.04332407407407399
0 0.2487708333333333 0.40718518518518515 0.01402604166666661 0.030398148148148132
0 0.2895 0.4666666666666667 0.01583854166666674 0.025990740740740786
0 0.3429114583333333 0.5211018518518518 0.021432291666666714 0.043777777777777756
0 0.3228489583333333 0.3832777777777778 0.012520833333333314 0.02438888888888897
0 0.372390625 0.41912037037037037 0.014755208333333325 0.03173148148148152
0 0.42134374999999996 0.491574074074074 0.016718749999999893 0.030888888888888744
0 0.46524479166666666 0.38676851851851846 0.014151041666666763 0.02322222222222226
0 0.4852864583333333 0.45326851851851846 0.017312500000000064 0.029037037037036997
0 0.5539010416666666 0.41410185185185183 0.01267708333333335 0.024074074074074126
0 0.5834583333333333 0.6215185185185186 0.027145833333333334 0.052018518518518575
0 0.6719010416666666 0.5384814814814813 0.02201562500000005 0.044629629629629616
0 0.7130572916666666 0.48432407407407413 0.023031249999999837 0.03726851851851857
0 0.8681458333333332 0.698287037037037 0.03207812499999996 0.0630277777777777
0 0.8913229166666665 0.5878796296296296 0.030119791666666628 0.03957407407407408
0 0.9309427083333333 0.4405092592592592 0.024760416666666528 0.03733333333333333