2 0.9515625 0.2791666666666667 0.0203125 0.04722222222222222
2 0.8359375 0.29444444444444445 0.0203125 0.044444444444444446
2 0.8125 0.375 0.021875 0.05
2 0.69765625 0.29444444444444445 0.0171875 0.03888888888888889
2 0.6796875 0.375 0.0234375 0.041666666666666664
2 0.63515625 0.44722222222222224 0.0265625 0.05
2 0.5875 0.3527777777777778 0.0203125 0.044444444444444446
2 0.5546875 0.4375 0.021875 0.05
2 0.496875 0.3472222222222222 0.0171875 0.03888888888888889
2 0.47734375 0.41944444444444445 0.021875 0.03888888888888889
2 0.4 0.4097222222222222 0.01875 0.041666666666666664
2 0.3921875 0.6111111111111112 0.0359375 0.06666666666666667
2 0.29921875 0.5527777777777778 0.03125 0.06388888888888888
2 0.2171875 0.5180555555555556 0.0265625 0.05
2 0.13046875 0.7944444444444444 0.0390625 0.075
2 0.059375 0.6805555555555556 0.034375 0.06666666666666667
2 0.03203125 0.6055555555555555 0.03125 0.05277777777777778
2 0.01328125 0.5569444444444445 0.0265625 0.041666666666666664