2 0.10931249999999999 0.3672407407407407 0.01533854166666666 0.03645370370370371
2 0.19277083333333334 0.3487777777777778 0.015875000000000018 0.030888888888888903
2 0.24498958333333332 0.40839814814814807 0.018453125000000004 0.04498148148148147
2 0.3150052083333333 0.3125 0.012973958333333346 0.03048148148148147
2 0.3453541666666667 0.38334259259259257 0.01846874999999999 0.0275555555555556
2 0.3925364583333333 0.44013888888888886 0.019572916666666627 0.042564814814814785
2 0.37890625 0.2942592592592593 0.010666666666666647 0.028962962962962913
2 0.42836458333333327 0.3373611111111111 0.014156250000000092 0.03837037037037045
2 0.4688802083333333 0.410037037037037 0.015739583333333407 0.039888888888888925
2 0.5124583333333332 0.30893518518518515 0.01157812499999995 0.0299722222222222
2 0.5409583333333334 0.37671296296296297 0.018859375000000077 0.030537037037037053
2 0.6123125 0.34314814814814815 0.012145833333333477 0.03373148148148143
2 0.6364895833333333 0.5312037037037037 0.026531250000000027 0.05731481481481495
2 0.7184895833333333 0.4746759259259259 0.024229166666666656 0.0543796296296296
2 0.7755104166666666 0.4001944444444444 0.022953125000000085 0.044416666666666695
2 0.9020260416666666 0.6428611111111111 0.03239062500000003 0.06828703703703698
2 0.9638333333333332 0.5136574074074074 0.030697916666666814 0.056314814814814755
2 0.987765625 0.431 0.024380208333333188 0.047129629629629556