3 0.90703125 0.5153203342618384 0.01875 0.03899721448467967
3 0.82109375 0.5501392757660167 0.021875 0.04735376044568245
3 0.7953125 0.45403899721448465 0.0171875 0.036211699164345405
3 0.73671875 0.5097493036211699 0.01875 0.033426183844011144
3 0.68359375 0.5557103064066853 0.0234375 0.05013927576601671
3 0.71484375 0.41086350974930363 0.015625 0.03064066852367688
3 0.65703125 0.4428969359331476 0.0171875 0.036211699164345405
3 0.6109375 0.5083565459610028 0.0234375 0.04456824512534819
3 0.5671875 0.39136490250696376 0.0171875 0.03064066852367688
3 0.53984375 0.4331476323119777 0.0203125 0.036211699164345405
3 0.4359375 0.6030640668523677 0.03125 0.055710306406685235
3 0.35390625 0.5083565459610028 0.0296875 0.06685236768802229
3 0.3109375 0.43175487465181056 0.025 0.055710306406685235
3 0.14765625 0.6364902506963789 0.0359375 0.07242339832869081
3 0.1234375 0.5194986072423399 0.034375 0.06406685236768803
3 0.1 0.362116991643454 0.0265625 0.04178272980501393