1 0.98671875 0.5666666666666667 0.0171875 0.04722222222222222
1 0.88984375 0.5625 0.021875 0.030555555555555555
1 0.7671875 0.5972222222222222 0.021875 0.04722222222222222
1 0.71875 0.6680555555555555 0.0234375 0.05277777777777778
1 0.7453125 0.5152777777777777 0.0140625 0.03333333333333333
1 0.66796875 0.5944444444444444 0.0140625 0.03888888888888889
1 0.6796875 0.5013888888888889 0.0140625 0.027777777777777776
1 0.6234375 0.5402777777777777 0.0140625 0.03333333333333333
1 0.56015625 0.5972222222222222 0.0171875 0.03611111111111111
1 0.50234375 0.5763888888888888 0.01875 0.03611111111111111
1 0.4078125 0.7527777777777778 0.0265625 0.058333333333333334
1 0.52890625 0.5097222222222222 0.0140625 0.030555555555555555
1 0.43671875 0.5527777777777778 0.0109375 0.03333333333333333
1 0.31953125 0.6555555555555556 0.0265625 0.058333333333333334
1 0.2765625 0.6180555555555556 0.025 0.04722222222222222
1 0.10703125 0.7416666666666667 0.0296875 0.06388888888888888
1 0.04921875 0.5930555555555556 0.0234375 0.03888888888888889