0 0.96640625 0.5891364902506964 0.0171875 0.04178272980501393
0 0.88203125 0.5431754874651811 0.0203125 0.04456824512534819
0 0.79375 0.5654596100278552 0.025 0.05013927576601671
0 0.76015625 0.46657381615598886 0.015625 0.033426183844011144
0 0.71171875 0.5167130919220055 0.0234375 0.036211699164345405
0 0.653125 0.5515320334261838 0.025 0.0584958217270195
0 0.6890625 0.4178272980501393 0.01875 0.036211699164345405
0 0.63203125 0.4428969359331476 0.01875 0.03899721448467967
0 0.578125 0.5 0.0234375 0.052924791086350974
0 0.540625 0.3802228412256267 0.01875 0.03899721448467967
0 0.4453125 0.3816155988857939 0.0171875 0.033426183844011144
0 0.50703125 0.4373259052924791 0.0234375 0.03899721448467967
0 0.3984375 0.5821727019498607 0.03125 0.055710306406685235
0 0.3140625 0.46657381615598886 0.03125 0.06128133704735376
0 0.0921875 0.5766016713091922 0.0390625 0.07799442896935933
0 0.0796875 0.45264623955431754 0.0375 0.0584958217270195
0 0.05234375 0.2938718662952646 0.028125 0.04456824512534819
0 0.27421875 0.403899721448468 0.028125 0.05013927576601671
0 0.08359375 0.3732590529247911 0.0265625 0.03064066852367688