0 0.9640625 0.49025069637883006 0.015625 0.04178272980501393
0 0.8796875 0.467966573816156 0.015625 0.033426183844011144
0 0.775 0.5041782729805014 0.021875 0.04456824512534819
0 0.76328125 0.415041782729805 0.0203125 0.027855153203342618
0 0.6859375 0.38857938718662954 0.0109375 0.03064066852367688
0 0.7109375 0.4832869080779944 0.021875 0.036211699164345405
0 0.6609375 0.5278551532033426 0.0265625 0.05013927576601671
0 0.63203125 0.43036211699164345 0.015625 0.033426183844011144
0 0.58203125 0.49303621169916434 0.0203125 0.04735376044568245
0 0.5375 0.3955431754874652 0.015625 0.03064066852367688
0 0.446875 0.41643454038997213 0.0140625 0.036211699164345405
0 0.41796875 0.6114206128133705 0.028125 0.03899721448467967
0 0.328125 0.532033426183844 0.0265625 0.0584958217270195
0 0.1390625 0.6824512534818942 0.03125 0.06685236768802229
0 0.28671875 0.4777158774373259 0.025 0.04178272980501393
0 0.06171875 0.43036211699164345 0.0234375 0.036211699164345405
0 0.1015625 0.49442896935933145 0.0265625 0.036211699164345405
0 0.1140625 0.5835654596100278 0.0296875 0.055710306406685235
0 0.51015625 0.4568245125348189 0.0203125 0.033426183844011144