0 0.04859895833333333 0.4151111111111111 0.015343750000000007 0.03780555555555559
0 0.133203125 0.3981296296296296 0.015218750000000014 0.033370370370370335
0 0.22895312499999995 0.43601851851851847 0.019411458333333353 0.04232407407407411
0 0.25465625 0.3532962962962963 0.01586979166666671 0.027759259259259275
0 0.29825 0.41467592592592595 0.01981770833333334 0.02375000000000003
0 0.348875 0.46757407407407403 0.020531250000000067 0.047138888888888966
0 0.32640625 0.32654629629629633 0.012135416666666643 0.02739814814814818
0 0.376484375 0.37041666666666667 0.013885416666666739 0.032305555555555546
0 0.4256354166666666 0.4407777777777778 0.017843749999999936 0.03596296296296294
0 0.46898437499999995 0.3315185185185185 0.013307291666666643 0.028916666666666656
0 0.56575 0.36966666666666664 0.012171874999999943 0.025842592592592615
0 0.5912447916666667 0.5746018518518519 0.02840624999999992 0.04831481481481493
0 0.6792916666666666 0.48162037037037037 0.023348958333333236 0.046851851851851874
0 0.7208229166666666 0.4285833333333333 0.02261979166666652 0.04129629629629632
0 0.8990625 0.5356203703703704 0.02914583333333347 0.0405092592592592
0 0.8948697916666667 0.46507407407407403 0.027890625000000214 0.027231481481481506
0 0.9395885416666665 0.38396296296296295 0.024276041666666616 0.033842592592592605
0 0.8713802083333333 0.637361111111111 0.03312500000000007 0.0673055555555556