0 0.04452604166666666 0.3860648148148148 0.015703124999999995 0.04021296296296287
0 0.12942708333333333 0.37229629629629624 0.014692708333333337 0.0375185185185185
0 0.2185625 0.4098888888888889 0.02190104166666664 0.04236111111111111
0 0.25126041666666665 0.3236944444444444 0.012901041666666658 0.03380555555555552
0 0.29422916666666665 0.3887222222222222 0.01772395833333329 0.027629629629629608
0 0.3471302083333333 0.4406944444444444 0.021671874999999917 0.046222222222222185
0 0.3243072916666666 0.2989907407407407 0.012348958333333382 0.030537037037037053
0 0.375296875 0.34181481481481485 0.013265625000000014 0.02715740740740742
0 0.41973958333333333 0.416574074074074 0.018083333333333406 0.03774074074074068
0 0.4676510416666666 0.306462962962963 0.012312499999999994 0.03203703703703703
0 0.5636614583333334 0.34159259259259256 0.012463541666666522 0.028101851851851874
0 0.589265625 0.5473148148148148 0.02738020833333348 0.049120370370370384
0 0.6696718749999999 0.4498240740740741 0.02476041666666671 0.05352777777777788
0 0.7206510416666667 0.39413888888888887 0.02482812499999998 0.04273148148148146
0 0.9017968749999999 0.5121759259259259 0.035734375000000186 0.04760185185185198
0 0.8742708333333333 0.6190648148148148 0.034468749999999916 0.06685185185185184
0 0.9372343749999998 0.3614722222222222 0.023026041666666684 0.03619444444444449
0 0.8991666666666667 0.4190092592592592 0.030031250000000044 0.047509259259259154