3 0.06328125 0.6030640668523677 0.021875 0.04456824512534819
3 0.15390625 0.628133704735376 0.025 0.052924791086350974
3 0.17734375 0.5236768802228412 0.0203125 0.03899721448467967
3 0.240625 0.575208913649025 0.0203125 0.036211699164345405
3 0.29765625 0.6142061281337048 0.0265625 0.052924791086350974
3 0.25859375 0.467966573816156 0.0171875 0.033426183844011144
3 0.32109375 0.49442896935933145 0.0203125 0.04178272980501393
3 0.371875 0.5571030640668524 0.0265625 0.05013927576601671
3 0.41171875 0.42896935933147634 0.01875 0.036211699164345405
3 0.4421875 0.46935933147632314 0.021875 0.03899721448467967
3 0.5578125 0.6323119777158774 0.034375 0.06128133704735376
3 0.63984375 0.5222841225626741 0.0328125 0.07242339832869081
3 0.68125 0.4373259052924791 0.028125 0.06128133704735376
3 0.859375 0.6295264623955432 0.040625 0.07799442896935933
3 0.8796875 0.5041782729805014 0.0390625 0.06963788300835655
3 0.89765625 0.3384401114206128 0.0296875 0.04456824512534819