2 0.94921875 0.3788300835654596 0.0171875 0.04178272980501393
2 0.8375 0.37186629526462395 0.01875 0.04178272980501393
2 0.80703125 0.43036211699164345 0.021875 0.04456824512534819
2 0.70859375 0.3398328690807799 0.0140625 0.03064066852367688
2 0.68515625 0.415041782729805 0.0171875 0.036211699164345405
2 0.64921875 0.32590529247910865 0.0140625 0.03064066852367688
2 0.6390625 0.47214484679665736 0.01875 0.04735376044568245
2 0.596875 0.3732590529247911 0.0171875 0.036211699164345405
2 0.55859375 0.4373259052924791 0.0171875 0.04456824512534819
2 0.51328125 0.34818941504178275 0.0125 0.03064066852367688
2 0.4890625 0.41225626740947074 0.0171875 0.033426183844011144
2 0.41484375 0.38440111420612816 0.0140625 0.033426183844011144
2 0.3953125 0.5821727019498607 0.0296875 0.0584958217270195
2 0.31328125 0.5069637883008357 0.0265625 0.052924791086350974
2 0.23671875 0.45403899721448465 0.0203125 0.03899721448467967
2 0.1375 0.6991643454038997 0.0328125 0.06128133704735376
2 0.0765625 0.5766016713091922 0.0265625 0.06128133704735376
2 0.0546875 0.4958217270194986 0.028125 0.05013927576601671
2 0.040625 0.44707520891364905 0.0265625 0.03899721448467967