2 0.940625 0.4860724233983287 0.021875 0.052924791086350974
2 0.81484375 0.4275766016713092 0.021875 0.04735376044568245
2 0.77578125 0.49442896935933145 0.03125 0.0584958217270195
2 0.68203125 0.34540389972144847 0.01875 0.04178272980501393
2 0.6453125 0.4178272980501393 0.021875 0.04178272980501393
2 0.584375 0.46518105849582175 0.03125 0.0584958217270195
2 0.61328125 0.3064066852367688 0.015625 0.033426183844011144
2 0.5515625 0.3342618384401114 0.0171875 0.04178272980501393
2 0.5046875 0.403899721448468 0.021875 0.04735376044568245
2 0.3484375 0.2827298050139276 0.021875 0.04735376044568245
2 0.303125 0.49025069637883006 0.0375 0.07520891364902507
2 0.21328125 0.3732590529247911 0.034375 0.06963788300835655
2 0.13515625 0.2827298050139276 0.03125 0.06406685236768803
2 0.00234375 0.5278551532033426 0.0046875 0.0807799442896936