3 0.9328125 0.5902777777777778 0.0203125 0.041666666666666664
3 0.8390625 0.6236111111111111 0.0234375 0.04722222222222222
3 0.7484375 0.5611111111111111 0.0234375 0.03611111111111111
3 0.690625 0.6027777777777777 0.0265625 0.05277777777777778
3 0.7296875 0.45694444444444443 0.01875 0.03611111111111111
3 0.67109375 0.4722222222222222 0.0203125 0.03333333333333333
3 0.615625 0.5305555555555556 0.028125 0.05277777777777778
3 0.57578125 0.41388888888888886 0.01875 0.03333333333333333
3 0.540625 0.4708333333333333 0.025 0.044444444444444446
3 0.484375 0.4013888888888889 0.015625 0.041666666666666664
3 0.43203125 0.6027777777777777 0.034375 0.06944444444444445
3 0.35625 0.48194444444444445 0.0359375 0.07222222222222222
3 0.3140625 0.40694444444444444 0.028125 0.05555555555555555
3 0.1296875 0.4597222222222222 0.028125 0.05277777777777778
3 0.14296875 0.5930555555555556 0.0390625 0.07777777777777778
3 0.103125 0.2916666666666667 0.0265625 0.04722222222222222