2 0.10546875 0.38857938718662954 0.0140625 0.04178272980501393
2 0.2 0.36768802228412256 0.0171875 0.033426183844011144
2 0.28671875 0.41643454038997213 0.021875 0.04178272980501393
2 0.340625 0.3161559888579387 0.0140625 0.033426183844011144
2 0.37421875 0.4025069637883008 0.0171875 0.03899721448467967
2 0.409375 0.2966573816155989 0.0125 0.03064066852367688
2 0.425 0.4623955431754875 0.0234375 0.05013927576601671
2 0.465625 0.34540389972144847 0.0171875 0.03899721448467967
2 0.56171875 0.30779944289693595 0.0125 0.03064066852367688
2 0.51171875 0.42618384401114207 0.0171875 0.04178272980501393
2 0.59765625 0.3649025069637883 0.0171875 0.036211699164345405
2 0.67578125 0.3384401114206128 0.015625 0.033426183844011144
2 0.70390625 0.5626740947075209 0.0296875 0.0584958217270195
2 0.79921875 0.49164345403899723 0.0265625 0.0584958217270195
2 0.8609375 0.39136490250696376 0.0234375 0.052924791086350974
2 0.9953125 0.6740947075208914 0.009375 0.07520891364902507