1 0.022885416666666665 0.49786111111111114 0.01455729166666667 0.039250000000000146
1 0.12561979166666665 0.4819259259259259 0.019932291666666657 0.028601851851851892
1 0.23143229166666668 0.5125555555555555 0.019119791666666684 0.04179629629629634
1 0.25813020833333333 0.441537037037037 0.013765625000000004 0.02767592592592586
1 0.35093749999999996 0.5390185185185185 0.017838541666666697 0.044824074074074204
1 0.389578125 0.44093518518518515 0.013661458333333343 0.03177777777777777
1 0.45873437499999997 0.5059444444444444 0.015359375000000064 0.03423148148148145
1 0.4744635416666666 0.4143888888888889 0.012354166666666621 0.028287037037037048
1 0.5685468749999999 0.45149999999999996 0.009390625000000163 0.025592592592592528
1 0.5916510416666666 0.6483055555555555 0.026557291666666493 0.049083333333333375
1 0.6830885416666665 0.5468611111111111 0.023265624999999977 0.05121296296296297
1 0.7295885416666665 0.5022777777777777 0.021463541666666686 0.032481481481481465
1 0.8656145833333333 0.7195740740740739 0.029598958333333415 0.060240740740740664
1 0.9091562499999999 0.6187962962962963 0.03495312500000018 0.053842592592592727
1 0.9412447916666666 0.4707037037037037 0.02344270833333333 0.03617592592592587