3 0.8828125 0.5041666666666667 0.015625 0.044444444444444446
3 0.79453125 0.5361111111111111 0.0234375 0.05277777777777778
3 0.771875 0.44722222222222224 0.0171875 0.03333333333333333
3 0.71875 0.5041666666666667 0.0265625 0.03611111111111111
3 0.66796875 0.5486111111111112 0.025 0.05
3 0.7 0.40694444444444444 0.0171875 0.03333333333333333
3 0.64453125 0.44027777777777777 0.01875 0.03333333333333333
3 0.59609375 0.5 0.021875 0.03888888888888889
3 0.56015625 0.3861111111111111 0.0140625 0.030555555555555555
3 0.46484375 0.39444444444444443 0.0171875 0.03611111111111111
3 0.425 0.5972222222222222 0.03125 0.05555555555555555
3 0.2765625 0.41388888888888886 0.025 0.04722222222222222
3 0.14453125 0.6263888888888889 0.0390625 0.06944444444444445
3 0.11328125 0.4888888888888889 0.03125 0.06111111111111111
3 0.1296875 0.4152777777777778 0.0203125 0.044444444444444446
3 0.0921875 0.3638888888888889 0.025 0.03611111111111111