1 0.99296875 0.5944444444444444 0.0125 0.041666666666666664
1 0.89296875 0.5486111111111112 0.025 0.03611111111111111
1 0.7875 0.5513888888888889 0.0234375 0.041666666666666664
1 0.7609375 0.46805555555555556 0.01875 0.03333333333333333
1 0.6578125 0.5416666666666666 0.021875 0.04722222222222222
1 0.6328125 0.44027777777777777 0.015625 0.03333333333333333
1 0.54921875 0.4736111111111111 0.01875 0.044444444444444446
1 0.54609375 0.37777777777777777 0.015625 0.030555555555555555
1 0.44609375 0.39305555555555555 0.0140625 0.025
1 0.40703125 0.5805555555555556 0.03125 0.05277777777777778
1 0.3234375 0.45555555555555555 0.028125 0.058333333333333334
1 0.28046875 0.39305555555555555 0.025 0.041666666666666664
1 0.1234375 0.5736111111111111 0.034375 0.075
1 0.0890625 0.4666666666666667 0.040625 0.06944444444444445
1 0.0734375 0.2972222222222222 0.021875 0.03611111111111111