2 0.18135416666666665 0.3806388888888888 0.017708333333333347 0.042175925925925936
2 0.21037499999999998 0.44694444444444437 0.021119791666666644 0.0462685185185186
2 0.3041510416666667 0.3392685185185185 0.014567708333333318 0.03447222222222221
2 0.33322916666666663 0.4082129629629629 0.018343750000000013 0.03634259259259254
2 0.3802447916666667 0.4643703703703703 0.019848958333333312 0.04512962962962964
2 0.36896874999999996 0.31875925925925924 0.013187499999999996 0.026972222222222245
2 0.4183541666666667 0.3612777777777778 0.016651041666666623 0.035620370370370386
2 0.4556197916666666 0.4333981481481481 0.01736458333333335 0.036944444444444474
2 0.5015572916666666 0.3280092592592592 0.014015625000000042 0.031101851851851908
2 0.5274791666666666 0.39215740740740734 0.016598958333333337 0.03174074074074077
2 0.6005885416666666 0.3561944444444444 0.015213541666666686 0.039064814814814774
2 0.6270104166666666 0.5500925925925926 0.02907812500000002 0.05645370370370368
2 0.7126927083333332 0.4592592592592592 0.02588020833333342 0.05869444444444443
2 0.7830052083333332 0.406324074074074 0.021463541666666686 0.04290740740740739
2 0.9016927083333333 0.6489444444444444 0.0333385416666669 0.0683796296296295
2 0.9714062499999999 0.4331851851851852 0.026958333333333327 0.04289814814814814
2 0.984375 0.3768518518518518 0.03125 0.024074074074074126
2 0.06547395833333333 0.4044074074074073 0.01233854166666668 0.044842592592592545
2 0.9506874999999999 0.5170833333333333 0.031760416666666555 0.05612037037037033