3 0.940625 0.6114206128133705 0.0203125 0.04178272980501393
3 0.76953125 0.5821727019498607 0.025 0.04456824512534819
3 0.74765625 0.47493036211699163 0.0203125 0.036211699164345405
3 0.68828125 0.5264623955431755 0.0203125 0.033426183844011144
3 0.63125 0.564066852367688 0.0296875 0.052924791086350974
3 0.6703125 0.435933147632312 0.0171875 0.025069637883008356
3 0.61875 0.45403899721448465 0.0203125 0.033426183844011144
3 0.56171875 0.5013927576601671 0.025 0.04456824512534819
3 0.528125 0.383008356545961 0.01875 0.033426183844011144
3 0.4875 0.4818941504178273 0.021875 0.033426183844011144
3 0.434375 0.37047353760445684 0.015625 0.036211699164345405
3 0.378125 0.5696378830083565 0.0328125 0.055710306406685235
3 0.29609375 0.4623955431754875 0.034375 0.06128133704735376
3 0.2421875 0.3607242339832869 0.028125 0.052924791086350974
3 0.0859375 0.564066852367688 0.040625 0.07799442896935933
3 0.0515625 0.42618384401114207 0.028125 0.052924791086350974
3 0.04921875 0.32172701949860727 0.0296875 0.05013927576601671