3 0.1140625 0.35097493036211697 0.021875 0.04735376044568245
3 0.22109375 0.41086350974930363 0.0265625 0.052924791086350974
3 0.31796875 0.38997214484679665 0.0234375 0.036211699164345405
3 0.35703125 0.45264623955431754 0.0296875 0.052924791086350974
3 0.33125 0.2924791086350975 0.015625 0.036211699164345405
3 0.440625 0.40807799442896936 0.0234375 0.04456824512534819
3 0.4921875 0.30362116991643456 0.015625 0.03064066852367688
3 0.528125 0.38440111420612816 0.021875 0.036211699164345405
3 0.62109375 0.5682451253481894 0.03125 0.055710306406685235
3 0.73203125 0.4832869080779944 0.0328125 0.06685236768802229
3 0.925 0.6824512534818942 0.0421875 0.06963788300835655
3 0.975 0.552924791086351 0.0328125 0.07242339832869081