0 0.90859375 0.22841225626740946 0.0234375 0.04178272980501393
0 0.821875 0.2966573816155989 0.0265625 0.05013927576601671
0 0.775 0.2116991643454039 0.0171875 0.036211699164345405
0 0.734375 0.2938718662952646 0.0203125 0.03064066852367688
0 0.6828125 0.36768802228412256 0.028125 0.055710306406685235
0 0.64296875 0.266016713091922 0.0171875 0.036211699164345405
0 0.6015625 0.362116991643454 0.021875 0.04456824512534819
0 0.5203125 0.35236768802228413 0.0234375 0.03899721448467967
0 0.53984375 0.2590529247910863 0.01875 0.036211699164345405
0 0.440625 0.3245125348189415 0.015625 0.033426183844011144
0 0.43046875 0.552924791086351 0.034375 0.06128133704735376
0 0.3328125 0.47493036211699163 0.034375 0.06128133704735376
0 0.2765625 0.4275766016713092 0.028125 0.05013927576601671
0 0.1328125 0.7256267409470752 0.0359375 0.0807799442896936
0 0.08984375 0.6058495821727019 0.0390625 0.06128133704735376
0 0.08671875 0.5083565459610028 0.034375 0.055710306406685235
0 0.0359375 0.45403899721448465 0.0296875 0.04735376044568245