0 0.01953125 0.3732590529247911 0.015625 0.04178272980501393
0 0.11015625 0.3649025069637883 0.01875 0.036211699164345405
0 0.21171875 0.4206128133704735 0.021875 0.04456824512534819
0 0.240625 0.3286908077994429 0.0140625 0.03064066852367688
0 0.340625 0.46657381615598886 0.025 0.052924791086350974
0 0.421875 0.4456824512534819 0.021875 0.04456824512534819
0 0.375 0.36629526462395545 0.0171875 0.036211699164345405
0 0.321875 0.30919220055710306 0.0140625 0.03064066852367688
0 0.4734375 0.33565459610027853 0.015625 0.033426183844011144
0 0.49765625 0.41643454038997213 0.01875 0.03899721448467967
0 0.57421875 0.39136490250696376 0.0140625 0.025069637883008356
0 0.59140625 0.6211699164345403 0.03125 0.04735376044568245
0 0.69140625 0.5250696378830083 0.028125 0.052924791086350974
0 0.73515625 0.47075208913649025 0.021875 0.04456824512534819
0 0.9734375 0.45125348189415043 0.025 0.04178272980501393
0 0.9265625 0.6072423398328691 0.0328125 0.052924791086350974
0 0.8890625 0.7214484679665738 0.0375 0.07242339832869081