1 0.0171875 0.5612813370473537 0.0203125 0.04456824512534819
1 0.12890625 0.49025069637883006 0.025 0.04178272980501393
1 0.18984375 0.5487465181058496 0.03125 0.055710306406685235
1 0.2484375 0.40807799442896936 0.0171875 0.03064066852367688
1 0.30078125 0.4832869080779944 0.0203125 0.03899721448467967
1 0.36328125 0.49442896935933145 0.025 0.055710306406685235
1 0.33515625 0.34818941504178275 0.015625 0.033426183844011144
1 0.3828125 0.3816155988857939 0.0171875 0.04178272980501393
1 0.44765625 0.4233983286908078 0.021875 0.04735376044568245
1 0.51640625 0.3607242339832869 0.021875 0.03899721448467967
1 0.4796875 0.3050139275766017 0.0171875 0.036211699164345405
1 0.63671875 0.5041782729805014 0.0328125 0.06406685236768803
1 0.7125 0.3802228412256267 0.0328125 0.06406685236768803
1 0.78984375 0.2827298050139276 0.028125 0.05013927576601671
1 0.9359375 0.49164345403899723 0.040625 0.08635097493036212
1 0.97265625 0.3579387186629526 0.0390625 0.06963788300835655