3 0.12109375 0.30362116991643456 0.0234375 0.03899721448467967
3 0.2140625 0.37604456824512533 0.025 0.05013927576601671
3 0.29140625 0.3774373259052925 0.028125 0.04735376044568245
3 0.32265625 0.2938718662952646 0.015625 0.036211699164345405
3 0.33203125 0.4331476323119777 0.034375 0.06685236768802229
3 0.36796875 0.35097493036211697 0.01875 0.036211699164345405
3 0.4625 0.34540389972144847 0.0171875 0.036211699164345405
3 0.48671875 0.42896935933147634 0.028125 0.04456824512534819
3 0.56015625 0.40668523676880225 0.021875 0.04178272980501393
3 0.5640625 0.6100278551532033 0.0359375 0.07520891364902507
3 0.66015625 0.5598885793871866 0.04375 0.08635097493036212
3 0.71484375 0.5097493036211699 0.0359375 0.06406685236768803
3 0.8375 0.7938718662952646 0.0515625 0.08635097493036212
3 0.85 0.6671309192200557 0.03125 0.04456824512534819
3 0.92421875 0.5515320334261838 0.0296875 0.055710306406685235