1 0.94140625 0.39166666666666666 0.021875 0.03611111111111111
1 0.825 0.44722222222222224 0.025 0.05
1 0.78984375 0.375 0.01875 0.03333333333333333
1 0.69296875 0.49722222222222223 0.028125 0.05555555555555555
1 0.659375 0.4097222222222222 0.015625 0.03611111111111111
1 0.575 0.4777777777777778 0.021875 0.044444444444444446
1 0.5515625 0.38055555555555554 0.0171875 0.03611111111111111
1 0.52578125 0.4597222222222222 0.021875 0.03611111111111111
1 0.4578125 0.4388888888888889 0.0125 0.03333333333333333
1 0.446875 0.65 0.0296875 0.058333333333333334
1 0.35078125 0.5638888888888889 0.025 0.058333333333333334
1 0.29453125 0.5236111111111111 0.0265625 0.044444444444444446
1 0.1640625 0.775 0.0375 0.075
1 0.11640625 0.6791666666666667 0.0390625 0.06666666666666667
1 0.1078125 0.5888888888888889 0.0328125 0.044444444444444446
1 0.07421875 0.5180555555555556 0.0265625 0.044444444444444446