0 0.9875 0.3551532033426184 0.0140625 0.04456824512534819
0 0.89375 0.3565459610027855 0.0203125 0.04178272980501393
0 0.78828125 0.4233983286908078 0.025 0.052924791086350974
0 0.75234375 0.33565459610027853 0.0203125 0.036211699164345405
0 0.7078125 0.41643454038997213 0.025 0.03064066852367688
0 0.6546875 0.48885793871866295 0.0265625 0.0584958217270195
0 0.66953125 0.3231197771587744 0.015625 0.033426183844011144
0 0.61640625 0.38579387186629527 0.01875 0.03899721448467967
0 0.565625 0.4777158774373259 0.0234375 0.04456824512534819
0 0.50859375 0.3649025069637883 0.0171875 0.036211699164345405
0 0.4015625 0.43175487465181056 0.015625 0.033426183844011144
0 0.3890625 0.6713091922005571 0.0359375 0.06128133704735376
0 0.28203125 0.5863509749303621 0.0296875 0.0584958217270195
0 0.23125 0.5376044568245125 0.028125 0.052924791086350974
0 0.0375 0.7033426183844012 0.0359375 0.052924791086350974
0 0.03671875 0.6211699164345403 0.034375 0.03899721448467967
0 0.0765625 0.8119777158774373 0.0421875 0.08356545961002786