1 0.05234375 0.616991643454039 0.025 0.04178272980501393
1 0.17734375 0.6016713091922006 0.028125 0.055710306406685235
1 0.19765625 0.5097493036211699 0.0203125 0.036211699164345405
1 0.315625 0.5710306406685237 0.03125 0.06128133704735376
1 0.33203125 0.46657381615598886 0.01875 0.03899721448467967
1 0.42734375 0.4805013927576602 0.0265625 0.05013927576601671
1 0.43203125 0.37186629526462395 0.0203125 0.03899721448467967
1 0.471875 0.4331476323119777 0.0234375 0.04178272980501393
1 0.534375 0.37186629526462395 0.0140625 0.036211699164345405
1 0.58515625 0.5738161559888579 0.034375 0.06685236768802229
1 0.66328125 0.43036211699164345 0.028125 0.06406685236768803
1 0.7109375 0.3579387186629526 0.0296875 0.05013927576601671
1 0.8859375 0.5264623955431755 0.04375 0.08356545961002786
1 0.9140625 0.403899721448468 0.04375 0.07799442896935933
1 0.90546875 0.31058495821727017 0.0359375 0.052924791086350974
1 0.925 0.2200557103064067 0.0296875 0.05013927576601671