3 0.0375 0.6138888888888889 0.0328125 0.06388888888888888
3 0.04296875 0.5361111111111111 0.01875 0.04722222222222222
3 0.00625 0.4527777777777778 0.0125 0.05
3 0.01171875 0.40694444444444444 0.0234375 0.04722222222222222
3 0.2453125 0.3416666666666667 0.015625 0.03611111111111111
3 0.28359375 0.375 0.021875 0.03333333333333333
3 0.37734375 0.4625 0.0265625 0.05277777777777778
3 0.4828125 0.37083333333333335 0.021875 0.04722222222222222
3 0.55390625 0.39305555555555555 0.0265625 0.05277777777777778
3 0.62734375 0.2875 0.0203125 0.03888888888888889
3 0.61796875 0.24722222222222223 0.0140625 0.025
3 0.69375 0.3013888888888889 0.0171875 0.041666666666666664
3 0.73515625 0.2625 0.0171875 0.03611111111111111
3 0.80234375 0.33055555555555555 0.015625 0.03611111111111111
3 0.82265625 0.2777777777777778 0.0203125 0.041666666666666664
3 0.92890625 0.29444444444444445 0.021875 0.03888888888888889