2 0.11567187500000001 0.56775 0.021354166666666653 0.05523148148148162
2 0.08521354166666667 0.48550925925925925 0.02204166666666667 0.04627777777777785
2 0.09006770833333333 0.440074074074074 0.015786458333333343 0.04202777777777777
2 0.30577604166666666 0.4239722222222222 0.01463020833333326 0.03397222222222227
2 0.34756770833333334 0.4651666666666666 0.019020833333333355 0.03816666666666669
2 0.407234375 0.5220092592592592 0.019166666666666644 0.04488888888888896
2 0.4718385416666666 0.5911388888888888 0.023755208333333222 0.0543981481481481
2 0.43376562500000004 0.4365833333333333 0.012588541666666763 0.03276851851851856
2 0.4671510416666666 0.47079629629629616 0.016651041666666623 0.03468518518518522
2 0.5469166666666666 0.5115462962962963 0.01193229166666665 0.04250000000000003
2 0.6138593749999999 0.5478333333333333 0.02016666666666662 0.04593518518518509
2 0.647359375 0.4363703703703703 0.01605729166666663 0.03731481481481483
2 0.6713333333333333 0.40968518518518515 0.01303125000000005 0.026999999999999916
2 0.7445937499999999 0.4235277777777778 0.011890625000000021 0.023509259259259195
2 0.7500052083333333 0.4701018518518518 0.014755208333333237 0.03940740740740741
2 0.8295468749999999 0.4668333333333333 0.0173958333333335 0.03250925925925922
2 0.8518697916666665 0.5231111111111111 0.01579166666666687 0.0400555555555556
2 0.9903177083333332 0.5170277777777778 0.01936458333333313 0.04004629629629635
2 0.10391666666666666 0.6322407407407408 0.028687499999999977 0.0632777777777777