2 0.041953124999999994 0.5236851851851851 0.021796874999999993 0.0455648148148149
2 0.07752604166666666 0.6074259259259259 0.022296874999999994 0.06541666666666669
2 0.05894270833333333 0.6675 0.02996354166666666 0.06679629629629634
2 0.3157864583333333 0.5093333333333334 0.01856770833333341 0.04111111111111114
2 0.401359375 0.4773888888888889 0.013078124999999963 0.03259259259259263
2 0.4064270833333333 0.5932962962962962 0.026093749999999936 0.04847222222222219
2 0.516796875 0.5490185185185186 0.012864583333333356 0.04381481481481476
2 0.580703125 0.5766111111111111 0.016463541666666793 0.05175000000000014
2 0.6490885416666666 0.4744907407407407 0.014364583333333236 0.036972222222222226
2 0.7016770833333333 0.5341481481481481 0.01519270833333337 0.04202777777777792
2 0.7116093749999999 0.4714166666666666 0.013755208333333258 0.027898148148148196
2 0.7950104166666667 0.5156944444444445 0.014343749999999923 0.033203703703703666
2 0.8155729166666668 0.5650092592592593 0.016499999999999914 0.03575925925925911
2 0.9456927083333333 0.5643796296296296 0.01343229166666653 0.036305555555555535
2 0.2720416666666667 0.46458333333333335 0.015947916666666638 0.03557407407407409
2 0.3721614583333333 0.56275 0.02013541666666674 0.03965740740740734