0 0.07667708333333333 0.6273703703703702 0.02538020833333332 0.06163888888888888
0 0.09822916666666666 0.5718611111111112 0.017401041666666683 0.049824074074074076
0 0.042489583333333324 0.49453703703703705 0.02099999999999999 0.04763888888888898
0 0.06406770833333333 0.4404814814814815 0.017921874999999997 0.03234259259259255
0 0.30173958333333334 0.4231296296296296 0.013552083333333353 0.030509259259259302
0 0.3319947916666666 0.4560740740740741 0.016104166666666676 0.035796296296296264
0 0.41554166666666664 0.4294444444444444 0.013333333333333286 0.029370370370370342
0 0.4169270833333333 0.5574722222222223 0.024546875000000058 0.04994444444444449
0 0.539109375 0.5013796296296297 0.01384895833333335 0.04528703703703706
0 0.6016041666666666 0.5248888888888888 0.016718749999999893 0.047379629629629647
0 0.8333177083333332 0.52275 0.0161249999999999 0.038351851851851866
0 0.9683958333333333 0.5003796296296296 0.013604166666666728 0.03469444444444447
0 0.6683072916666667 0.4384722222222222 0.015270833333333478 0.030851851851851898
0 0.7380052083333333 0.4712037037037037 0.014859375000000164 0.03930555555555565
0 0.7629583333333334 0.43916666666666665 0.015937499999999893 0.027250000000000007
0 0.45975520833333333 0.4617592592592592 0.01260416666666675 0.03894444444444455