3 0.08828125 0.8055555555555556 0.0375 0.06111111111111111
3 0.05 0.6236111111111111 0.0203125 0.041666666666666664
3 0.25859375 0.5222222222222223 0.01875 0.03611111111111111
3 0.3265625 0.5513888888888889 0.01875 0.03888888888888889
3 0.3796875 0.5916666666666667 0.025 0.044444444444444446
3 0.43203125 0.6041666666666666 0.0265625 0.05277777777777778
3 0.52578125 0.5222222222222223 0.0234375 0.044444444444444446
3 0.6 0.5291666666666667 0.025 0.05555555555555555
3 0.6578125 0.4125 0.0203125 0.041666666666666664
3 0.74140625 0.375 0.0203125 0.03333333333333333
3 0.7359375 0.4305555555555556 0.021875 0.044444444444444446
3 0.8296875 0.44305555555555554 0.021875 0.05
3 0.83359375 0.3680555555555556 0.0234375 0.03888888888888889
3 0.96015625 0.38472222222222224 0.0203125 0.041666666666666664