1 0.00859375 0.3763888888888889 0.0125 0.05
1 0.03046875 0.5916666666666667 0.0390625 0.075
1 0.303125 0.4236111111111111 0.0203125 0.04722222222222222
1 0.39453125 0.4166666666666667 0.015625 0.03333333333333333
1 0.34453125 0.4986111111111111 0.021875 0.04722222222222222
1 0.3890625 0.5208333333333334 0.028125 0.06388888888888888
1 0.43515625 0.4486111111111111 0.01875 0.03888888888888889
1 0.4796875 0.4847222222222222 0.0140625 0.041666666666666664
1 0.625 0.5708333333333333 0.0234375 0.05555555555555555
1 0.65625 0.45 0.0171875 0.03333333333333333
1 0.7203125 0.48194444444444445 0.0203125 0.04722222222222222
1 0.825 0.5555555555555556 0.015625 0.041666666666666664
1 0.8625 0.5069444444444444 0.01875 0.044444444444444446