1 0.9265625 0.7033426183844012 0.0359375 0.06963788300835655
1 0.9703125 0.6504178272980501 0.0265625 0.052924791086350974
1 0.9859375 0.552924791086351 0.021875 0.052924791086350974
1 0.96484375 0.5027855153203342 0.0171875 0.03899721448467967
1 0.71328125 0.44428969359331477 0.0171875 0.036211699164345405
1 0.68046875 0.4832869080779944 0.0203125 0.033426183844011144
1 0.5765625 0.5598885793871866 0.0234375 0.055710306406685235
1 0.58828125 0.44986072423398327 0.0140625 0.036211699164345405
1 0.40234375 0.5194986072423399 0.0265625 0.04456824512534819
1 0.33046875 0.4220055710306407 0.01875 0.036211699164345405
1 0.26328125 0.4401114206128134 0.01875 0.04456824512534819
1 0.11875 0.43036211699164345 0.0203125 0.03899721448467967
1 0.01953125 0.4582172701949861 0.01875 0.04456824512534819
1 0.15546875 0.49025069637883006 0.0203125 0.04456824512534819
1 0.63046875 0.5389972144846796 0.0171875 0.04735376044568245
1 0.54609375 0.467966573816156 0.015625 0.03899721448467967
1 0.5015625 0.48467966573816157 0.015625 0.04735376044568245