2 0.9515625 0.35236768802228413 0.0203125 0.03899721448467967
2 0.96015625 0.4025069637883008 0.028125 0.055710306406685235
2 0.9359375 0.49303621169916434 0.028125 0.06963788300835655
2 0.959375 0.5501392757660167 0.040625 0.08635097493036212
2 0.71875 0.4011142061281337 0.0203125 0.04178272980501393
2 0.678125 0.4582172701949861 0.021875 0.04456824512534819
2 0.62109375 0.5431754874651811 0.025 0.04735376044568245
2 0.55703125 0.6267409470752089 0.028125 0.06406685236768803
2 0.5859375 0.45125348189415043 0.0171875 0.036211699164345405
2 0.55 0.4986072423398329 0.01875 0.03899721448467967
2 0.4734375 0.5543175487465181 0.015625 0.04735376044568245
2 0.40625 0.6114206128133705 0.025 0.055710306406685235
2 0.35859375 0.5167130919220055 0.0203125 0.03899721448467967
2 0.33046875 0.49303621169916434 0.0171875 0.033426183844011144
2 0.2578125 0.5376044568245125 0.015625 0.036211699164345405
2 0.1734375 0.6016713091922006 0.01875 0.03899721448467967
2 0.15546875 0.6685236768802229 0.0203125 0.04456824512534819
2 0.02109375 0.692200557103064 0.0234375 0.05013927576601671