0 0.06281770833333333 0.5910648148148148 0.027692708333333326 0.05753703703703713
0 0.08161458333333332 0.536037037037037 0.018989583333333317 0.04577777777777783
0 0.022921874999999998 0.45818518518518514 0.02004166666666667 0.042157407407407435
0 0.05292187499999999 0.4097222222222222 0.01741145833333333 0.03770370370370368
0 0.2769739583333333 0.3827129629629629 0.013197916666666653 0.03215740740740737
0 0.3182552083333333 0.4286574074074074 0.017203124999999986 0.034907407407407394
0 0.37988541666666664 0.48117592592592584 0.01576562499999996 0.029805555555555606
0 0.41440625 0.5097499999999999 0.018520833333333365 0.05010185185185176
0 0.40564062500000003 0.3987685185185185 0.016682291666666637 0.030009259259259284
0 0.5223802083333333 0.4626666666666666 0.012229166666666735 0.04211111111111102
0 0.5854479166666666 0.4868240740740741 0.019958333333333477 0.047768518518518495
0 0.6535052083333334 0.39962037037037035 0.016421875000000162 0.032694444444444554
0 0.7206718750000001 0.42866666666666664 0.016791666666666493 0.04380555555555566
0 0.7462447916666666 0.40402777777777776 0.013364583333333258 0.02844444444444447
0 0.6426041666666666 0.35755555555555557 0.012130208333333314 0.014620370370370337
0 0.8158072916666665 0.48371296296296296 0.017437500000000127 0.037842592592592594
0 0.8543854166666666 0.4214907407407407 0.0175416666666667 0.02972222222222219
0 0.9464635416666667 0.4581574074074074 0.016817708333333313 0.033379629629629586