2 0.08984375 0.7604456824512534 0.03125 0.07799442896935933
2 0.05390625 0.5682451253481894 0.01875 0.03899721448467967
2 0.05 0.6128133704735376 0.0265625 0.05013927576601671
2 0.0984375 0.6894150417827298 0.028125 0.0584958217270195
2 0.28515625 0.46657381615598886 0.01875 0.03899721448467967
2 0.3375 0.4972144846796657 0.0234375 0.04735376044568245
2 0.4046875 0.5431754874651811 0.0234375 0.04735376044568245
2 0.44765625 0.5612813370473537 0.028125 0.055710306406685235
2 0.4234375 0.42896935933147634 0.015625 0.033426183844011144
2 0.47109375 0.4554317548746518 0.01875 0.036211699164345405
2 0.55703125 0.46518105849582175 0.0171875 0.05013927576601671
2 0.63125 0.4735376044568245 0.0234375 0.0584958217270195
2 0.68671875 0.3426183844011142 0.0203125 0.04178272980501393
2 0.7625 0.3050139275766017 0.015625 0.036211699164345405
2 0.76015625 0.37604456824512533 0.01875 0.04735376044568245
2 0.85859375 0.3161559888579387 0.015625 0.036211699164345405
2 0.88828125 0.3649025069637883 0.021875 0.04735376044568245