3 0.06202604166666666 0.5669907407407407 0.029067708333333338 0.06386111111111113
3 0.06669270833333334 0.49377777777777776 0.01809375 0.04293518518518514
3 0.013213541666666667 0.4004629629629629 0.022953124999999998 0.04200000000000001
3 0.04066145833333333 0.356037037037037 0.01702604166666667 0.04087037037037034
3 0.25969791666666664 0.3324074074074074 0.014640625000000008 0.031185185185185166
3 0.30776562499999993 0.37194444444444436 0.01665625000000004 0.03037037037037038
3 0.4106354166666666 0.4555648148148148 0.021036458333333386 0.04836111111111118
3 0.3913489583333333 0.336537037037037 0.013416666666666632 0.03410185185185186
3 0.43851562499999996 0.3809814814814814 0.011234374999999908 0.02960185185185193
3 0.5723854166666666 0.43484259259259256 0.019484374999999866 0.04154629629629625
3 0.6497291666666667 0.3397962962962963 0.01463020833333335 0.03072222222222215
3 0.7178489583333333 0.3806944444444444 0.01150520833333335 0.033138888888888905
3 0.7435104166666666 0.3812685185185185 0.01865104166666658 0.023416666666666686
3 0.8102864583333332 0.42207407407407405 0.016520833333333228 0.04156481481481475
3 0.9425104166666666 0.40374074074074073 0.013921875000000129 0.03543518518518517