2 0.08315104166666668 0.5629722222222222 0.028942708333333324 0.06280555555555543
2 0.06085937499999999 0.4032037037037036 0.01918229166666665 0.044435185185185196
2 0.09307812499999998 0.49436111111111103 0.024031249999999983 0.049092592592592625
2 0.2851145833333333 0.35228703703703707 0.01519270833333337 0.03489814814814823
2 0.3304010416666666 0.3926666666666666 0.017947916666666685 0.03991666666666668
2 0.3889375 0.45233333333333325 0.019213541666666688 0.04681481481481471
2 0.4160364583333333 0.3590925925925925 0.01278645833333325 0.031074074074074115
2 0.44684375000000004 0.5086574074074074 0.026822916666666606 0.05052777777777777
2 0.44937499999999997 0.39462037037037034 0.016166666666666708 0.03593518518518519
2 0.5274739583333333 0.42178703703703696 0.011692708333333357 0.040999999999999974
2 0.593765625 0.4621759259259259 0.017494791666666742 0.05309259259259262
2 0.631984375 0.3622962962962962 0.012953124999999944 0.0338888888888889
2 0.6529062499999999 0.3328796296296296 0.013432291666666707 0.025879629629629697
2 0.7256770833333333 0.3988981481481481 0.015531250000000085 0.041694444444444416
2 0.8301927083333333 0.44534259259259257 0.018213541666666444 0.045740740740740665
2 0.8103697916666667 0.39194444444444443 0.016947916666666528 0.03488888888888889
2 0.9642968749999999 0.4399074074074074 0.018421874999999942 0.043953703703703675
2 0.7235416666666666 0.34876851851851853 0.01584374999999998 0.02718518518518521