3 0.09921875 0.6972222222222222 0.0328125 0.07222222222222222
3 0.0734375 0.5013888888888889 0.01875 0.044444444444444446
3 0.26640625 0.42777777777777776 0.01875 0.041666666666666664
3 0.03984375 0.5597222222222222 0.025 0.05277777777777778
3 0.1015625 0.6222222222222222 0.0203125 0.04722222222222222
3 0.3265625 0.45694444444444443 0.021875 0.044444444444444446
3 0.434375 0.5111111111111111 0.025 0.05555555555555555
3 0.45 0.43333333333333335 0.0234375 0.041666666666666664
3 0.53125 0.4236111111111111 0.0203125 0.03888888888888889
3 0.60390625 0.4444444444444444 0.021875 0.05277777777777778
3 0.6578125 0.33611111111111114 0.021875 0.044444444444444446
3 0.7671875 0.30416666666666664 0.0296875 0.06111111111111111
3 0.73671875 0.35138888888888886 0.0171875 0.041666666666666664
3 0.8390625 0.36944444444444446 0.0171875 0.041666666666666664
3 0.8703125 0.3 0.025 0.04722222222222222
3 0.975 0.31805555555555554 0.01875 0.041666666666666664