2 0.0796875 0.6894150417827298 0.0375 0.0807799442896936
2 0.04140625 0.5250696378830083 0.028125 0.052924791086350974
2 0.08671875 0.6072423398328691 0.03125 0.06128133704735376
2 0.2828125 0.3732590529247911 0.0203125 0.04456824512534819
2 0.3390625 0.4011142061281337 0.0234375 0.052924791086350974
2 0.41015625 0.44707520891364905 0.025 0.052924791086350974
2 0.48203125 0.479108635097493 0.0328125 0.07242339832869081
2 0.42734375 0.32729805013927576 0.0203125 0.04735376044568245
2 0.4703125 0.3579387186629526 0.0234375 0.05013927576601671
2 0.5625 0.3607242339832869 0.0203125 0.055710306406685235
2 0.6390625 0.37047353760445684 0.0265625 0.06128133704735376
2 0.66953125 0.24233983286908078 0.01875 0.04178272980501393
2 0.6890625 0.20334261838440112 0.0171875 0.03064066852367688
2 0.7703125 0.1935933147632312 0.01875 0.033426183844011144
2 0.77734375 0.24373259052924792 0.021875 0.05013927576601671
2 0.87109375 0.20334261838440112 0.021875 0.04456824512534819
2 0.9015625 0.25348189415041783 0.025 0.052924791086350974