2 0.96328125 0.6713091922005571 0.034375 0.07520891364902507
2 0.99140625 0.4428969359331476 0.0171875 0.03899721448467967
2 0.9921875 0.49025069637883006 0.015625 0.04456824512534819
2 0.95625 0.5793871866295265 0.028125 0.06406685236768803
2 0.753125 0.39275766016713093 0.0203125 0.036211699164345405
2 0.69921875 0.4331476323119777 0.0203125 0.03899721448467967
2 0.609375 0.3802228412256267 0.0171875 0.036211699164345405
2 0.63515625 0.4860724233983287 0.021875 0.04735376044568245
2 0.55859375 0.5473537604456824 0.0265625 0.055710306406685235
2 0.56796875 0.41643454038997213 0.01875 0.04178272980501393
2 0.48125 0.44428969359331477 0.015625 0.04178272980501393
2 0.41015625 0.46657381615598886 0.0234375 0.052924791086350974
2 0.37421875 0.3467966573816156 0.0171875 0.04456824512534819
2 0.353125 0.3147632311977716 0.0171875 0.03064066852367688
2 0.275 0.32172701949860727 0.01875 0.027855153203342618
2 0.2703125 0.3732590529247911 0.0203125 0.04178272980501393
2 0.15859375 0.40668523676880225 0.0203125 0.04735376044568245
2 0.18359375 0.3551532033426184 0.01875 0.036211699164345405
2 0.01953125 0.37604456824512533 0.021875 0.05013927576601671