0 0.046875 0.4052924791086351 0.0390625 0.07520891364902507
0 0.02890625 0.24651810584958217 0.0234375 0.0584958217270195
0 0.0546875 0.20891364902506965 0.025 0.04735376044568245
0 0.3 0.2924791086350975 0.01875 0.04178272980501393
0 0.3265625 0.34958217270194986 0.025 0.04735376044568245
0 0.41640625 0.34958217270194986 0.01875 0.03899721448467967
0 0.4125 0.47493036211699163 0.028125 0.0584958217270195
0 0.4515625 0.40668523676880225 0.01875 0.03899721448467967
0 0.5296875 0.479108635097493 0.015625 0.04456824512534819
0 0.5875 0.5334261838440112 0.025 0.052924791086350974
0 0.66875 0.47493036211699163 0.0203125 0.03899721448467967
0 0.76328125 0.5083565459610028 0.0265625 0.03899721448467967
0 0.82265625 0.6350974930362117 0.0234375 0.04735376044568245
0 0.95703125 0.6643454038997214 0.0234375 0.04456824512534819
0 0.7359375 0.541782729805014 0.021875 0.04456824512534819
0 0.0734375 0.3565459610027855 0.0234375 0.052924791086350974
0 0.86171875 0.5821727019498607 0.025 0.04456824512534819