2 0.934375 0.1573816155988858 0.03125 0.04178272980501393
2 0.9453125 0.2075208913649025 0.028125 0.055710306406685235
2 0.92578125 0.3161559888579387 0.03125 0.07242339832869081
2 0.94921875 0.3871866295264624 0.0390625 0.08356545961002786
2 0.63984375 0.30362116991643456 0.025 0.05013927576601671
2 0.5828125 0.3955431754874652 0.025 0.052924791086350974
2 0.50703125 0.3565459610027855 0.0234375 0.04178272980501393
2 0.4203125 0.42896935933147634 0.01875 0.04735376044568245
2 0.515625 0.49303621169916434 0.034375 0.07520891364902507
2 0.35078125 0.49025069637883006 0.0265625 0.06128133704735376
2 0.2953125 0.38857938718662954 0.01875 0.04735376044568245
2 0.26796875 0.36768802228412256 0.01875 0.033426183844011144
2 0.18984375 0.415041782729805 0.0203125 0.036211699164345405
2 0.19296875 0.467966573816156 0.025 0.055710306406685235
2 0.09921875 0.49442896935933145 0.0234375 0.04735376044568245
2 0.08203125 0.5668523676880223 0.025 0.055710306406685235
2 0.68828125 0.23259052924791088 0.021875 0.04735376044568245
2 0.54140625 0.2994428969359331 0.01875 0.04456824512534819