1 0.023864583333333335 0.4299166666666666 0.016812499999999998 0.03734259259259258
1 0.00828125 0.46799074074074065 0.01655729166666666 0.050685185185185194
1 0.05754166666666666 0.6325 0.03076041666666665 0.07187037037037053
1 0.27571874999999996 0.3967037037037037 0.015104166666666696 0.03060185185185181
1 0.30918229166666666 0.44536111111111104 0.01835416666666667 0.03521296296296299
1 0.352390625 0.5078611111111111 0.01782291666666671 0.041888888888888844
1 0.39536458333333335 0.5252129629629629 0.026010416666666723 0.04519444444444439
1 0.398375 0.4244259259259259 0.013687499999999986 0.02843518518518522
1 0.48066145833333335 0.47704629629629636 0.013119791666666636 0.03635185185185179
1 0.5752760416666666 0.5097314814814815 0.02042187500000008 0.04381481481481476
1 0.6471510416666666 0.42718518518518517 0.016390624999999836 0.033462962962963
1 0.7114999999999999 0.4521296296296296 0.015078124999999965 0.04118518518518515
1 0.810984375 0.5076111111111111 0.0147708333333334 0.041972222222222105
1 0.8477604166666666 0.4576388888888889 0.018447916666666585 0.0356666666666666
1 0.4373020833333333 0.4472407407407407 0.0152708333333333 0.03365740740740743