2 0.05059895833333333 0.5434259259259259 0.028218750000000004 0.06199999999999998
2 0.06209374999999999 0.4766944444444445 0.023348958333333326 0.05057407407407403
2 0.02750520833333333 0.3935740740740741 0.020156249999999997 0.04288888888888888
2 0.03463541666666666 0.349462962962963 0.014645833333333335 0.04403703703703709
2 0.2580104166666667 0.3382037037037037 0.014338541666666682 0.03355555555555559
2 0.3057708333333333 0.3787685185185185 0.017312499999999974 0.041027777777777885
2 0.363328125 0.4432314814814815 0.020083333333333276 0.043527777777777825
2 0.43034895833333325 0.5071018518518517 0.022578124999999893 0.05756481481481488
2 0.39032812499999997 0.3509722222222222 0.012802083333333325 0.03368518518518518
2 0.42705208333333333 0.3858611111111111 0.016593750000000008 0.03637962962962955
2 0.5048125 0.4250185185185185 0.01228645833333335 0.041268518518518565
2 0.5710052083333332 0.4589351851851851 0.01854166666666668 0.04771296296296299
2 0.6080520833333333 0.354824074074074 0.014124999999999943 0.038046296296296314
2 0.628765625 0.32820370370370366 0.014151041666666763 0.02925
2 0.6995104166666666 0.39008333333333334 0.014989583333333379 0.042407407407407366
2 0.6993177083333333 0.34821296296296295 0.014807291666666523 0.025055555555555505
2 0.7830572916666666 0.3873333333333333 0.014328125000000113 0.03162037037037035
2 0.8034739583333333 0.44308333333333333 0.015500000000000114 0.04114814814814815
2 0.9296458333333334 0.43398148148148147 0.015479166666666443 0.041018518518518475