2 0.05445312499999999 0.35437962962962966 0.024307291666666654 0.028240740740740716
2 0.04990625 0.40083333333333326 0.020682291666666665 0.041231481481481404
2 0.07656770833333333 0.4864351851851852 0.02149479166666666 0.05710185185185187
2 0.063046875 0.5546203703703704 0.02786458333333333 0.06404629629629631
2 0.31810416666666663 0.39217592592592593 0.017244791666666613 0.03816666666666669
2 0.37496875 0.4540185185185185 0.01792708333333337 0.04004629629629635
2 0.43583333333333324 0.39785185185185185 0.017213541666666644 0.030296296296296373
2 0.5162760416666666 0.4338796296296296 0.012687500000000008 0.03812962962962953
2 0.4413229166666667 0.5164629629629629 0.02361458333333335 0.05694444444444444
2 0.5813072916666666 0.4655833333333333 0.01756770833333334 0.048916666666666705
2 0.6188125 0.3632962962962963 0.012744791666666621 0.03773148148148147
2 0.6397708333333332 0.3372222222222222 0.013989583333333399 0.0257222222222222
2 0.7110729166666666 0.35432407407407407 0.015348958333333228 0.027249999999999965
2 0.7131770833333333 0.40082407407407405 0.017583333333333506 0.04385185185185192
2 0.7954322916666665 0.39528703703703705 0.01630208333333334 0.036935185185185224
2 0.8165052083333333 0.45168518518518513 0.017312499999999887 0.04226851851851844
2 0.9442968749999998 0.44593518518518516 0.01716145833333336 0.04075000000000004
2 0.2704479166666666 0.3466388888888889 0.015203125000000029 0.03640740740740745
2 0.40174479166666666 0.3599907407407407 0.01277083333333331 0.035925925925925896