1 0.034375 0.7924791086350975 0.0390625 0.08635097493036212
1 0.25625 0.4805013927576602 0.01875 0.036211699164345405
1 0.29609375 0.5264623955431755 0.0234375 0.04178272980501393
1 0.3484375 0.584958217270195 0.0234375 0.05013927576601671
1 0.396875 0.5933147632311978 0.03125 0.055710306406685235
1 0.39296875 0.4818941504178273 0.0171875 0.033426183844011144
1 0.48671875 0.520891364902507 0.0171875 0.04178272980501393
1 0.59296875 0.5334261838440112 0.025 0.052924791086350974
1 0.665625 0.42479108635097496 0.0203125 0.04178272980501393
1 0.73828125 0.4373259052924791 0.0203125 0.05013927576601671
1 0.8515625 0.47493036211699163 0.01875 0.05013927576601671
1 0.8875 0.41086350974930363 0.0234375 0.04456824512534819
1 0.43671875 0.4972144846796657 0.01875 0.04178272980501393