2 0.99296875 0.7298050139275766 0.0109375 0.07520891364902507
2 0.98828125 0.6615598885793872 0.0203125 0.06128133704735376
2 0.76796875 0.49442896935933145 0.0171875 0.04456824512534819
2 0.71796875 0.5459610027855153 0.021875 0.04178272980501393
2 0.646875 0.6183844011142061 0.021875 0.04735376044568245
2 0.61953125 0.5055710306406686 0.01875 0.03899721448467967
2 0.5796875 0.5459610027855153 0.0203125 0.03899721448467967
2 0.4875 0.5835654596100278 0.0140625 0.05013927576601671
2 0.4125 0.6155988857938719 0.0234375 0.055710306406685235
2 0.33203125 0.5041782729805014 0.0171875 0.04456824512534819
2 0.27421875 0.5571030640668524 0.0171875 0.04735376044568245
2 0.2609375 0.48746518105849584 0.015625 0.03064066852367688
2 0.34453125 0.4582172701949861 0.015625 0.025069637883008356
2 0.16328125 0.5292479108635098 0.01875 0.03899721448467967
2 0.13671875 0.5891364902506964 0.01875 0.04456824512534819
2 0.57265625 0.6810584958217271 0.028125 0.06685236768802229