0 0.07543229166666668 0.6132685185185185 0.030171875000000004 0.06161111111111113
0 0.03749479166666666 0.47428703703703706 0.019432291666666667 0.049351851851851807
0 0.0573125 0.4270833333333333 0.01856250000000001 0.038592592592592546
0 0.29657291666666663 0.40414814814814815 0.0140625 0.03601851851851844
0 0.3282552083333333 0.4464722222222222 0.019296874999999946 0.037185185185185154
0 0.41172916666666665 0.40903703703703703 0.013536458333333279 0.032972222222222236
0 0.4251145833333333 0.5270462962962963 0.021468750000000016 0.048675925925925866
0 0.4520364583333333 0.44684259259259257 0.0140260416666667 0.03202777777777786
0 0.5345 0.48184259259259254 0.009312500000000057 0.04096296296296297
0 0.5950572916666667 0.5093888888888889 0.019010416666666606 0.043935185185185174
0 0.663296875 0.42153703703703704 0.015994791666666685 0.031203703703703747
0 0.755171875 0.412574074074074 0.022749999999999916 0.02922222222222217
0 0.8271249999999999 0.506037037037037 0.018276041666666742 0.039888888888888765
0 0.955515625 0.47749074074074077 0.01808854166666656 0.03705555555555549
0 0.7342968749999998 0.45473148148148146 0.016166666666666708 0.03649999999999996
0 0.09398958333333333 0.5573055555555555 0.01685416666666667 0.04524074074074065
0 0.85615625 0.4412777777777777 0.020406249999999914 0.035407407407407415