2 0.92265625 0.5027855153203342 0.0359375 0.07520891364902507
2 0.93671875 0.3203342618384401 0.025 0.052924791086350974
2 0.90703125 0.42896935933147634 0.0296875 0.0584958217270195
2 0.68359375 0.31058495821727017 0.01875 0.04178272980501393
2 0.6359375 0.3649025069637883 0.021875 0.04735376044568245
2 0.575 0.4428969359331476 0.025 0.055710306406685235
2 0.53828125 0.34540389972144847 0.015625 0.036211699164345405
2 0.5140625 0.5181058495821727 0.0328125 0.06128133704735376
2 0.50390625 0.39136490250696376 0.0203125 0.04456824512534819
2 0.41875 0.4387186629526462 0.015625 0.04735376044568245
2 0.34765625 0.4972144846796657 0.0234375 0.06406685236768803
2 0.2984375 0.39415041782729804 0.0171875 0.04178272980501393
2 0.2734375 0.3649025069637883 0.0171875 0.03064066852367688
2 0.196875 0.45403899721448465 0.0203125 0.05013927576601671
2 0.08359375 0.5278551532033426 0.0234375 0.055710306406685235
2 0.1015625 0.4637883008356546 0.021875 0.04178272980501393
2 0.1953125 0.3969359331476323 0.01875 0.033426183844011144