0 0.975 0.6527777777777778 0.03125 0.06388888888888888
0 0.9578125 0.5930555555555556 0.021875 0.05
0 0.99140625 0.4652777777777778 0.0171875 0.041666666666666664
0 0.759375 0.40694444444444444 0.015625 0.03611111111111111
0 0.71484375 0.45 0.01875 0.03888888888888889
0 0.64765625 0.49722222222222223 0.0171875 0.03333333333333333
0 0.61015625 0.5222222222222223 0.021875 0.05555555555555555
0 0.62421875 0.40694444444444444 0.01875 0.03333333333333333
0 0.49921875 0.4583333333333333 0.0140625 0.044444444444444446
0 0.4328125 0.47638888888888886 0.0234375 0.05277777777777778
0 0.36484375 0.3763888888888889 0.01875 0.03611111111111111
0 0.29296875 0.3972222222222222 0.01875 0.04722222222222222
0 0.2671875 0.3680555555555556 0.015625 0.030555555555555555
0 0.378125 0.3333333333333333 0.0140625 0.016666666666666666
0 0.19140625 0.44305555555555554 0.0203125 0.041666666666666664
0 0.15390625 0.37222222222222223 0.0203125 0.03333333333333333
0 0.05546875 0.39861111111111114 0.01875 0.03611111111111111