2 0.100734375 0.49375925925925923 0.02381249999999998 0.05204629629629633
2 0.07103645833333332 0.413462962962963 0.023567708333333326 0.03915740740740732
2 0.33476041666666667 0.39855555555555555 0.018458333333333334 0.03637037037037029
2 0.3944479166666667 0.46004629629629634 0.0222291666666667 0.04069444444444454
2 0.4530260416666666 0.5122777777777777 0.024447916666666635 0.05779629629629631
2 0.4184322916666666 0.35837037037037034 0.012703124999999992 0.03509259259259257
2 0.45657812499999995 0.40145370370370365 0.015302083333333449 0.04109259259259264
2 0.5344114583333333 0.43423148148148144 0.017395833333333322 0.0441296296296296
2 0.59946875 0.46712037037037035 0.02119270833333342 0.05754629629629638
2 0.6397083333333333 0.3646574074074073 0.014968749999999887 0.042305555555555485
2 0.6613177083333334 0.3378240740740741 0.014921875000000107 0.032305555555555546
2 0.7330781249999999 0.4031759259259259 0.016984375000000006 0.049148148148148135
2 0.7328697916666667 0.3565092592592592 0.01494270833333342 0.027638888888888897
2 0.8196666666666665 0.3980740740740741 0.017270833333333256 0.03187037037037028
2 0.8408697916666666 0.45233333333333325 0.0171510416666667 0.04196296296296301
2 0.9709322916666666 0.44375 0.0169062499999999 0.041712962962962924