1 0.07265625 0.4986072423398329 0.04375 0.07799442896935933
1 0.03671875 0.4192200557103064 0.03125 0.0584958217270195
1 0.034375 0.32172701949860727 0.0265625 0.055710306406685235
1 0.08046875 0.27019498607242337 0.021875 0.04735376044568245
1 0.33203125 0.3593314763231198 0.01875 0.033426183844011144
1 0.36875 0.4052924791086351 0.025 0.04735376044568245
1 0.44609375 0.5445682451253482 0.0296875 0.0584958217270195
1 0.4578125 0.4275766016713092 0.0171875 0.033426183844011144
1 0.6359375 0.6030640668523677 0.0265625 0.052924791086350974
1 0.7234375 0.5431754874651811 0.021875 0.04178272980501393
1 0.790625 0.6072423398328691 0.0203125 0.04735376044568245
1 0.9375 0.6713091922005571 0.025 0.04178272980501393
1 0.53984375 0.5194986072423399 0.0171875 0.04178272980501393
1 0.3984375 0.49442896935933145 0.025 0.052924791086350974
1 0.4984375 0.46935933147632314 0.01875 0.04735376044568245