0 0.94921875 0.6166666666666667 0.03125 0.06111111111111111
0 0.99140625 0.49027777777777776 0.0171875 0.041666666666666664
0 0.96875 0.4388888888888889 0.01875 0.03888888888888889
0 0.934375 0.5611111111111111 0.021875 0.05
0 0.74140625 0.3819444444444444 0.0171875 0.03333333333333333
0 0.696875 0.42083333333333334 0.0203125 0.03611111111111111
0 0.63046875 0.4666666666666667 0.01875 0.030555555555555555
0 0.59453125 0.49444444444444446 0.021875 0.05277777777777778
0 0.6078125 0.3819444444444444 0.0171875 0.03611111111111111
0 0.5703125 0.4083333333333333 0.0171875 0.03611111111111111
0 0.48828125 0.43333333333333335 0.0171875 0.03888888888888889
0 0.4203125 0.4513888888888889 0.0203125 0.05555555555555555
0 0.35703125 0.35 0.0171875 0.03333333333333333
0 0.2921875 0.37916666666666665 0.0203125 0.044444444444444446
0 0.25390625 0.34305555555555556 0.0171875 0.03611111111111111
0 0.190625 0.41805555555555557 0.01875 0.041666666666666664
0 0.15 0.35555555555555557 0.01875 0.03888888888888889
0 0.05390625 0.38055555555555554 0.01875 0.03888888888888889