1 0.978125 0.5181058495821727 0.0359375 0.06685236768802229
1 0.984375 0.31197771587743733 0.0203125 0.03064066852367688
1 0.7421875 0.2883008356545961 0.015625 0.03064066852367688
1 0.70078125 0.3426183844011142 0.0203125 0.04178272980501393
1 0.6078125 0.3245125348189415 0.015625 0.027855153203342618
1 0.6046875 0.44707520891364905 0.0296875 0.06128133704735376
1 0.41640625 0.4401114206128134 0.0265625 0.0584958217270195
1 0.32734375 0.3565459610027855 0.0171875 0.03064066852367688
1 0.265625 0.39275766016713093 0.0171875 0.04735376044568245
1 0.15390625 0.47075208913649025 0.0171875 0.03899721448467967
1 0.1109375 0.40807799442896936 0.01875 0.04178272980501393
1 0.009375 0.4637883008356546 0.0171875 0.04456824512534819
1 0.659375 0.41086350974930363 0.0203125 0.04456824512534819
1 0.51640625 0.38997214484679665 0.0125 0.04735376044568245