2 0.062281249999999996 0.4504444444444444 0.016588541666666658 0.03275000000000006
2 0.058437499999999996 0.49943518518518515 0.02217708333333334 0.047546296296296156
2 0.08813020833333333 0.5766759259259259 0.021083333333333343 0.060314814814814904
2 0.07124479166666667 0.6359999999999999 0.032739583333333336 0.07165740740740745
2 0.28231249999999997 0.43430555555555556 0.01647395833333336 0.03600925925925919
2 0.32423437499999996 0.4770185185185184 0.017703124999999976 0.03665740740740738
2 0.38436458333333334 0.5401666666666666 0.01952604166666667 0.03955555555555558
2 0.45026562499999995 0.60125 0.021869791666666673 0.05460185185185193
2 0.40906249999999994 0.4462777777777778 0.013557291666666593 0.0308703703703704
2 0.4460520833333333 0.48064814814814816 0.014645833333333335 0.03251851851851847
2 0.5219166666666666 0.5119814814814815 0.01151041666666668 0.04162962962962966
2 0.58865625 0.5477777777777777 0.019234374999999915 0.04782407407407416
2 0.6248072916666667 0.4477314814814815 0.015869791666666622 0.032287037037037045
2 0.6489114583333333 0.41925 0.013703124999999972 0.02868518518518515
2 0.7197916666666666 0.4406851851851851 0.012067708333333371 0.029916666666666775
2 0.8032604166666666 0.47861111111111104 0.01467708333333322 0.03262037037037039
2 0.8257031249999999 0.5349722222222222 0.015947916666666728 0.036962962962962975
2 0.9516979166666666 0.5218703703703704 0.018807291666666615 0.04087962962962972