1 0.96796875 0.7284122562674095 0.0375 0.07520891364902507
1 0.99140625 0.5389972144846796 0.0171875 0.03064066852367688
1 0.75078125 0.4373259052924791 0.01875 0.03899721448467967
1 0.6609375 0.5250696378830083 0.0203125 0.04735376044568245
1 0.6078125 0.5473537604456824 0.0296875 0.052924791086350974
1 0.61953125 0.4206128133704735 0.015625 0.033426183844011144
1 0.52421875 0.45403899721448465 0.0171875 0.04456824512534819
1 0.4203125 0.4735376044568245 0.0265625 0.055710306406685235
1 0.346875 0.3607242339832869 0.01875 0.04178272980501393
1 0.28046875 0.37186629526462395 0.021875 0.05013927576601671
1 0.125 0.3412256267409471 0.021875 0.04456824512534819
1 0.02421875 0.3593314763231198 0.01875 0.04456824512534819
1 0.57421875 0.4387186629526462 0.0203125 0.04178272980501393
1 0.15859375 0.4178272980501393 0.0171875 0.04178272980501393