1 0.08143229166666666 0.6167685185185185 0.033624999999999995 0.05957407407407405
1 0.039749999999999994 0.558537037037037 0.023062500000000003 0.04607407407407401
1 0.02625520833333333 0.4725740740740741 0.019619791666666667 0.04321296296296298
1 0.062005208333333325 0.41024074074074074 0.015192708333333327 0.03749074074074075
1 0.2963385416666667 0.39719444444444446 0.014682291666666725 0.026462962962963053
1 0.3346927083333333 0.4254722222222222 0.01906770833333331 0.03649074074074071
1 0.4192916666666666 0.5210555555555555 0.021505208333333314 0.046462962962963025
1 0.41680729166666663 0.41254629629629624 0.012682291666666679 0.026305555555555474
1 0.595640625 0.5034907407407407 0.01988020833333337 0.04185185185185184
1 0.6669635416666666 0.41784259259259254 0.015776041666666706 0.033212962962962916
1 0.7342447916666666 0.45010185185185186 0.014828124999999836 0.03737962962962958
1 0.8725989583333333 0.453787037037037 0.019130208333333343 0.03124074074074075
1 0.962453125 0.4928148148148148 0.0173958333333335 0.037694444444444426
1 0.5001197916666666 0.4640277777777777 0.011182291666666622 0.03555555555555559
1 0.3714791666666667 0.4928888888888889 0.017682291666666662 0.04247222222222212
1 0.45790104166666656 0.43432407407407403 0.012635416666666722 0.039907407407407426