3 0.09740625 0.5734351851851851 0.0265625 0.0639999999999999
3 0.08909895833333333 0.3761574074074074 0.014307291666666689 0.040787037037037045
3 0.282609375 0.3585185185185185 0.01576562499999996 0.03597222222222223
3 0.052145833333333336 0.4245 0.019895833333333328 0.04675925925925921
3 0.10664583333333333 0.5006481481481482 0.016161458333333323 0.043296296296296236
3 0.3382760416666667 0.40225 0.01849999999999996 0.03762962962962967
3 0.43758333333333327 0.48416666666666663 0.020078125000000037 0.0503981481481481
3 0.4595572916666667 0.4127314814814814 0.019859375000000058 0.034768518518518476
3 0.5387708333333333 0.4253611111111111 0.017598958333333314 0.032462962962962964
3 0.6073333333333333 0.4655277777777777 0.017578125 0.04633333333333335
3 0.6691666666666667 0.3764259259259259 0.01779166666666665 0.03839814814814812
3 0.7774270833333333 0.3754907407407407 0.025343749999999866 0.05344444444444447
3 0.7439010416666666 0.4115648148148148 0.013307291666666821 0.03782407407407409
3 0.8409427083333332 0.45799074074074075 0.014130208333333272 0.03737962962962958
3 0.8774010416666667 0.3992037037037036 0.02131770833333313 0.04008333333333335
3 0.9769791666666666 0.4444351851851852 0.015494791666666785 0.03633333333333329