3 0.0578125 0.9442896935933147 0.0296875 0.07242339832869081
3 0.04296875 0.8565459610027855 0.021875 0.04456824512534819
3 0.23203125 0.6100278551532033 0.0234375 0.04178272980501393
3 0.29765625 0.6239554317548747 0.021875 0.04456824512534819
3 0.3703125 0.5543175487465181 0.0203125 0.036211699164345405
3 0.41328125 0.6796657381615598 0.028125 0.06406685236768803
3 0.5140625 0.5710306406685237 0.0203125 0.04456824512534819
3 0.59140625 0.5668523676880223 0.025 0.055710306406685235
3 0.609375 0.44986072423398327 0.01875 0.03899721448467967
3 0.62734375 0.40807799442896936 0.01875 0.033426183844011144
3 0.6984375 0.3969359331476323 0.01875 0.036211699164345405
3 0.80546875 0.39275766016713093 0.0234375 0.04456824512534819
3 0.83359375 0.44707520891364905 0.025 0.04735376044568245
3 0.96953125 0.362116991643454 0.0515625 0.0947075208913649