2 0.96953125 0.5583333333333333 0.0296875 0.06666666666666667
2 0.95625 0.4875 0.025 0.05277777777777778
2 0.990625 0.39861111111111114 0.01875 0.04722222222222222
2 0.984375 0.3527777777777778 0.015625 0.04722222222222222
2 0.7484375 0.3486111111111111 0.015625 0.03611111111111111
2 0.6984375 0.39305555555555555 0.01875 0.044444444444444446
2 0.63828125 0.4625 0.021875 0.04722222222222222
2 0.56796875 0.5319444444444444 0.025 0.06111111111111111
2 0.60859375 0.36527777777777776 0.0140625 0.03611111111111111
2 0.5703125 0.4041666666666667 0.0171875 0.03888888888888889
2 0.4890625 0.44722222222222224 0.0140625 0.044444444444444446
2 0.41953125 0.4861111111111111 0.0203125 0.05
2 0.37890625 0.3763888888888889 0.015625 0.041666666666666664
2 0.35703125 0.35 0.015625 0.030555555555555555
2 0.2828125 0.4166666666666667 0.015625 0.044444444444444446
2 0.2828125 0.3736111111111111 0.015625 0.027777777777777776
2 0.1953125 0.4166666666666667 0.015625 0.03333333333333333
2 0.17421875 0.47638888888888886 0.0171875 0.044444444444444446
2 0.040625 0.4708333333333333 0.0171875 0.044444444444444446