0 0.054265625 0.592462962962963 0.028015624999999995 0.05799074074074089
0 0.014921874999999998 0.4641944444444443 0.016265625 0.04745370370370365
0 0.043296875 0.4159537037037037 0.01802604166666667 0.03392592592592586
0 0.07345833333333332 0.542611111111111 0.018276041666666652 0.052277777777777756
0 0.2690625 0.39109259259259255 0.014968749999999975 0.03266666666666664
0 0.309625 0.4373981481481481 0.01854166666666659 0.038092592592592525
0 0.3734166666666667 0.48772222222222217 0.018583333333333396 0.03279629629629631
0 0.4061875 0.5159166666666667 0.018348958333333342 0.05187962962962966
0 0.39758854166666663 0.4050833333333333 0.014249999999999962 0.032064814814814865
0 0.43626041666666665 0.44089814814814815 0.01729166666666675 0.03535185185185175
0 0.5174375 0.4706666666666667 0.013557291666666593 0.0404166666666667
0 0.5788489583333334 0.4975185185185186 0.018718750000000027 0.046870370370370215
0 0.6458437499999999 0.4138148148148148 0.016354166666666715 0.031601851851851846
0 0.7112916666666667 0.44305555555555554 0.01583333333333332 0.04291666666666664
0 0.6354739583333332 0.36881481481481476 0.017026041666666637 0.017305555555555605
0 0.737515625 0.41735185185185186 0.016453125000000134 0.02675925925925924
0 0.8060677083333333 0.5049351851851852 0.01783333333333319 0.032231481481481375
0 0.844078125 0.43382407407407403 0.018635416666666772 0.030120370370370294
0 0.9370937500000001 0.47052777777777777 0.0159427083333334 0.037175925925925904