2 0.0078125 0.47493036211699163 0.015625 0.06963788300835655
2 0.03359375 0.28690807799442897 0.025 0.04178272980501393
2 0.02109375 0.3342618384401114 0.0296875 0.0584958217270195
2 0.0421875 0.43036211699164345 0.0328125 0.06128133704735376
2 0.26328125 0.3649025069637883 0.021875 0.04456824512534819
2 0.3015625 0.42618384401114207 0.028125 0.0584958217270195
2 0.35625 0.5181058495821727 0.0265625 0.04735376044568245
2 0.41796875 0.6072423398328691 0.0328125 0.07520891364902507
2 0.3953125 0.43175487465181056 0.0203125 0.04456824512534819
2 0.42734375 0.4818941504178273 0.0234375 0.04178272980501393
2 0.50546875 0.552924791086351 0.01875 0.05013927576601671
2 0.56953125 0.6100278551532033 0.028125 0.06963788300835655
2 0.65625 0.5403899721448467 0.021875 0.04735376044568245
2 0.721875 0.5543175487465181 0.01875 0.04456824512534819
2 0.7015625 0.616991643454039 0.021875 0.04735376044568245
2 0.80234375 0.6350974930362117 0.0203125 0.03899721448467967
2 0.81953125 0.7005571030640668 0.021875 0.04735376044568245
2 0.95625 0.7465181058495822 0.021875 0.05013927576601671
2 0.65078125 0.4986072423398329 0.01875 0.033426183844011144