2 0.99453125 0.5277777777777778 0.0109375 0.06666666666666667
2 0.98515625 0.44583333333333336 0.0296875 0.06944444444444445
2 0.75703125 0.34305555555555556 0.021875 0.03611111111111111
2 0.71484375 0.4027777777777778 0.025 0.04722222222222222
2 0.6515625 0.48333333333333334 0.025 0.05
2 0.58515625 0.575 0.03125 0.06666666666666667
2 0.61328125 0.39166666666666666 0.0171875 0.03888888888888889
2 0.57890625 0.44166666666666665 0.021875 0.044444444444444446
2 0.496875 0.5 0.01875 0.04722222222222222
2 0.4265625 0.5583333333333333 0.025 0.058333333333333334
2 0.375 0.45555555555555555 0.0171875 0.044444444444444446
2 0.35 0.43194444444444446 0.0171875 0.03611111111111111
2 0.271875 0.46944444444444444 0.0171875 0.03611111111111111
2 0.2734375 0.5166666666666667 0.021875 0.058333333333333334
2 0.1859375 0.5430555555555555 0.0203125 0.041666666666666664
2 0.16796875 0.6041666666666666 0.021875 0.05
2 0.02421875 0.6347222222222222 0.0234375 0.05277777777777778