3 0.97421875 0.30416666666666664 0.034375 0.07222222222222222
3 0.95546875 0.23333333333333334 0.0234375 0.05
3 0.95234375 0.09027777777777778 0.0140625 0.04722222222222222
3 0.721875 0.17777777777777778 0.01875 0.03888888888888889
3 0.69296875 0.2361111111111111 0.025 0.03888888888888889
3 0.62109375 0.38055555555555554 0.03125 0.058333333333333334
3 0.5015625 0.3625 0.0265625 0.05277777777777778
3 0.43828125 0.42916666666666664 0.03125 0.058333333333333334
3 0.346875 0.375 0.0234375 0.044444444444444446
3 0.34765625 0.33194444444444443 0.0171875 0.030555555555555555
3 0.2859375 0.43194444444444446 0.0203125 0.04722222222222222
3 0.23828125 0.4222222222222222 0.0203125 0.041666666666666664
3 0.18828125 0.5319444444444444 0.0171875 0.03888888888888889
3 0.1578125 0.4930555555555556 0.0234375 0.04722222222222222
3 0.06015625 0.5791666666666667 0.025 0.044444444444444446