3 0.04841145833333334 0.6061481481481481 0.028968749999999995 0.056092592592592576
3 0.05059895833333333 0.5333055555555556 0.02413541666666667 0.03388888888888886
3 0.27266145833333333 0.412787037037037 0.01114583333333341 0.030407407407407383
3 0.3114375 0.44979629629629625 0.01728645833333333 0.028981481481481493
3 0.3843229166666666 0.4133611111111111 0.013885416666666739 0.024083333333333377
3 0.397703125 0.5427037037037037 0.022135416666666696 0.04324999999999998
3 0.5089947916666666 0.4902962962962963 0.012734374999999964 0.039675925925925844
3 0.5793645833333334 0.5210833333333332 0.016208333333333335 0.04201851851851867
3 0.6089635416666667 0.4237407407407407 0.013135416666666622 0.030796296296296235
3 0.632375 0.3962685185185185 0.012895833333333506 0.027111111111111086
3 0.7039270833333333 0.41662962962962957 0.013093749999999993 0.022388888888888896
3 0.710671875 0.4700555555555556 0.013692708333333314 0.03264814814814814
3 0.7941666666666667 0.4556759259259259 0.01807812499999999 0.031416666666666676
3 0.8067916666666666 0.5112592592592592 0.013750000000000017 0.037037037037036986
3 0.9383645833333333 0.5026296296296296 0.015187500000000043 0.034027777777777775