0 0.07421875 0.6977715877437326 0.0359375 0.06685236768802229
0 0.08984375 0.6420612813370473 0.0265625 0.052924791086350974
0 0.0203125 0.5793871866295265 0.025 0.055710306406685235
0 0.04296875 0.5222841225626741 0.0203125 0.03899721448467967
0 0.265625 0.4275766016713092 0.0171875 0.03899721448467967
0 0.309375 0.4596100278551532 0.021875 0.03899721448467967
0 0.39375 0.403899721448468 0.0203125 0.036211699164345405
0 0.37578125 0.49303621169916434 0.021875 0.03064066852367688
0 0.41328125 0.5194986072423399 0.025 0.055710306406685235
0 0.5171875 0.43454038997214484 0.01875 0.04456824512534819
0 0.58203125 0.4373259052924791 0.021875 0.05013927576601671
0 0.63828125 0.3245125348189415 0.01875 0.03064066852367688
0 0.7015625 0.3426183844011142 0.0171875 0.04178272980501393
0 0.73359375 0.28551532033426186 0.01875 0.033426183844011144
0 0.84140625 0.29108635097493035 0.0203125 0.04178272980501393
0 0.8078125 0.3649025069637883 0.01875 0.03899721448467967
0 0.93828125 0.2966573816155989 0.01875 0.04178272980501393