2 0.93203125 0.7597222222222222 0.0375 0.06666666666666667
2 0.9671875 0.5513888888888889 0.0171875 0.03611111111111111
2 0.965625 0.6 0.0265625 0.05555555555555555
2 0.92421875 0.6722222222222223 0.0296875 0.06666666666666667
2 0.740625 0.4486111111111111 0.01875 0.03888888888888889
2 0.690625 0.4736111111111111 0.0234375 0.05
2 0.62109375 0.5152777777777777 0.0234375 0.05
2 0.54453125 0.5569444444444445 0.0296875 0.06388888888888888
2 0.603125 0.4125 0.0171875 0.044444444444444446
2 0.5609375 0.43333333333333335 0.021875 0.03888888888888889
2 0.4796875 0.4388888888888889 0.0171875 0.04722222222222222
2 0.40703125 0.4513888888888889 0.0234375 0.05555555555555555
2 0.38046875 0.3277777777777778 0.0171875 0.041666666666666664
2 0.36328125 0.29305555555555557 0.01875 0.03611111111111111
2 0.2875 0.2833333333333333 0.0171875 0.027777777777777776
2 0.2796875 0.32916666666666666 0.0203125 0.05
2 0.196875 0.29305555555555557 0.021875 0.041666666666666664
2 0.16953125 0.34305555555555556 0.01875 0.04722222222222222
2 0.040625 0.2847222222222222 0.0234375 0.05