2 0.87734375 0.6069444444444444 0.025 0.06111111111111111
2 0.9125 0.525 0.025 0.05
2 0.909375 0.47638888888888886 0.01875 0.04722222222222222
2 0.68359375 0.43194444444444446 0.0171875 0.03611111111111111
2 0.63828125 0.46944444444444444 0.021875 0.041666666666666664
2 0.5734375 0.5208333333333334 0.021875 0.05
2 0.503125 0.5847222222222223 0.0265625 0.06111111111111111
2 0.54921875 0.42777777777777776 0.0140625 0.03611111111111111
2 0.51328125 0.4597222222222222 0.01875 0.03888888888888889
2 0.428125 0.49166666666666664 0.0140625 0.04722222222222222
2 0.35625 0.5208333333333334 0.0234375 0.05
2 0.32578125 0.4 0.01875 0.041666666666666664
2 0.3015625 0.36944444444444446 0.0140625 0.030555555555555555
2 0.225 0.3736111111111111 0.0140625 0.025
2 0.2171875 0.4222222222222222 0.0171875 0.044444444444444446
2 0.134375 0.4083333333333333 0.0203125 0.03611111111111111
2 0.10859375 0.4638888888888889 0.01875 0.044444444444444446
2 0.88671875 0.6763888888888889 0.0328125 0.06944444444444445