0 0.94609375 0.4206128133704735 0.034375 0.06685236768802229
0 0.92109375 0.37186629526462395 0.025 0.052924791086350974
0 0.9703125 0.27298050139275765 0.025 0.05013927576601671
0 0.934375 0.23537604456824512 0.021875 0.04456824512534819
0 0.70859375 0.2924791086350975 0.0171875 0.036211699164345405
0 0.67265625 0.35376044568245124 0.021875 0.04178272980501393
0 0.61796875 0.43036211699164345 0.01875 0.036211699164345405
0 0.58671875 0.47075208913649025 0.025 0.055710306406685235
0 0.5828125 0.3579387186629526 0.0203125 0.036211699164345405
0 0.47421875 0.46518105849582175 0.0171875 0.04735376044568245
0 0.4140625 0.5125348189415042 0.025 0.055710306406685235
0 0.33671875 0.45125348189415043 0.0203125 0.03899721448467967
0 0.2734375 0.5055710306406686 0.021875 0.05013927576601671
0 0.24453125 0.49025069637883006 0.0171875 0.033426183844011144
0 0.3421875 0.4052924791086351 0.0140625 0.019498607242339833
0 0.18515625 0.596100278551532 0.021875 0.04456824512534819
0 0.1390625 0.5487465181058496 0.0203125 0.036211699164345405
0 0.05234375 0.6197771587743732 0.0203125 0.03899721448467967