0 0.05078125 0.6545961002785515 0.03125 0.06406685236768803
0 0.01015625 0.5069637883008357 0.0203125 0.05013927576601671
0 0.03203125 0.4554317548746518 0.0203125 0.04178272980501393
0 0.28828125 0.4373259052924791 0.015625 0.033426183844011144
0 0.32109375 0.48746518105849584 0.0203125 0.03899721448467967
0 0.41171875 0.44846796657381616 0.015625 0.03064066852367688
0 0.54296875 0.532033426183844 0.0125 0.04456824512534819
0 0.6109375 0.5612813370473537 0.0171875 0.055710306406685235
0 0.68125 0.46935933147632314 0.0171875 0.027855153203342618
0 0.67421875 0.4206128133704735 0.0140625 0.022284122562674095
0 0.859375 0.564066852367688 0.015625 0.03899721448467967
0 0.99453125 0.5334261838440112 0.0109375 0.05013927576601671
0 0.75703125 0.5055710306406686 0.0171875 0.04178272980501393