3 0.03671875 0.5069444444444444 0.0390625 0.075
3 0.26953125 0.3458333333333333 0.01875 0.03611111111111111
3 0.4125 0.5277777777777778 0.021875 0.05277777777777778
3 0.39765625 0.38333333333333336 0.0203125 0.03611111111111111
3 0.51875 0.49444444444444446 0.01875 0.044444444444444446
3 0.5890625 0.5527777777777778 0.0265625 0.05555555555555555
3 0.63046875 0.4583333333333333 0.01875 0.03888888888888889
3 0.65703125 0.44027777777777777 0.0171875 0.027777777777777776
3 0.728125 0.4777777777777778 0.0171875 0.027777777777777776
3 0.73203125 0.5402777777777777 0.0203125 0.03888888888888889
3 0.8328125 0.6166666666666667 0.01875 0.03888888888888889
3 0.81484375 0.5472222222222223 0.021875 0.03611111111111111
3 0.96875 0.6388888888888888 0.0203125 0.041666666666666664