2 0.07611979166666667 0.6240833333333333 0.0298125 0.06495370370370385
2 0.089 0.565537037037037 0.021890624999999986 0.053120370370370214
2 0.05851041666666666 0.49341666666666667 0.022484375 0.05175925925925924
2 0.06252083333333333 0.4482222222222222 0.016776041666666665 0.03686111111111122
2 0.28296874999999994 0.427287037037037 0.014177083333333318 0.03843518518518512
2 0.3258020833333333 0.4726666666666667 0.018088541666666645 0.034731481481481474
2 0.386578125 0.537 0.018552083333333247 0.0393703703703704
2 0.41136979166666665 0.44046296296296295 0.0156614583333333 0.03262037037037039
2 0.4454010416666666 0.47601851851851856 0.01680208333333333 0.032962962962962986
2 0.5250208333333333 0.5112037037037037 0.012229166666666735 0.041962962962962855
2 0.5892291666666666 0.5416666666666666 0.019624999999999913 0.0470833333333333
2 0.6596093749999999 0.4472777777777777 0.0149166666666666 0.03850000000000004
2 0.709625 0.4945185185185185 0.015010416666666693 0.04048148148148145
2 0.7216979166666666 0.4346481481481481 0.013520833333333293 0.027222222222222255
2 0.6498020833333332 0.40748148148148144 0.01303125000000005 0.022305555555555637
2 0.8055989583333332 0.47324074074074074 0.015781250000000125 0.03400000000000002
2 0.828140625 0.5255555555555556 0.015822916666666843 0.039009259259259306
2 0.9544114583333332 0.5143703703703704 0.0162239583333335 0.04475925925925913
2 0.4500729166666666 0.5937129629629629 0.024114583333333252 0.05579629629629623