2 0.0484375 0.32590529247910865 0.028125 0.052924791086350974
2 0.07109375 0.4233983286908078 0.03125 0.07242339832869081
2 0.0453125 0.4735376044568245 0.0390625 0.07799442896935933
2 0.3171875 0.43036211699164345 0.0234375 0.04735376044568245
2 0.4046875 0.435933147632312 0.0171875 0.036211699164345405
2 0.39453125 0.5515320334261838 0.0328125 0.0584958217270195
2 0.5078125 0.5571030640668524 0.01875 0.04735376044568245
2 0.56640625 0.6114206128133705 0.0234375 0.0584958217270195
2 0.646875 0.541782729805014 0.01875 0.04178272980501393
2 0.68984375 0.6225626740947076 0.0203125 0.04735376044568245
2 0.70859375 0.5654596100278552 0.0171875 0.033426183844011144
2 0.78359375 0.6448467966573816 0.01875 0.03899721448467967
2 0.796875 0.7019498607242339 0.0203125 0.04178272980501393
2 0.92421875 0.7576601671309192 0.01875 0.04178272980501393
2 0.28046875 0.36768802228412256 0.0203125 0.04178272980501393
2 0.36484375 0.5069637883008357 0.025 0.04735376044568245