3 0.0375 0.5445682451253482 0.034375 0.06963788300835655
3 0.01484375 0.3286908077994429 0.0171875 0.03899721448467967
3 0.046875 0.467966573816156 0.021875 0.04456824512534819
3 0.253125 0.30779944289693595 0.01875 0.033426183844011144
3 0.30234375 0.3607242339832869 0.0203125 0.036211699164345405
3 0.4171875 0.45264623955431754 0.025 0.0584958217270195
3 0.45 0.37186629526462395 0.015625 0.036211699164345405
3 0.60078125 0.43454038997214484 0.0203125 0.055710306406685235
3 0.671875 0.3370473537604457 0.0171875 0.036211699164345405
3 0.7828125 0.3370473537604457 0.015625 0.03064066852367688
3 0.8484375 0.43036211699164345 0.015625 0.04456824512534819
3 0.9921875 0.41225626740947074 0.015625 0.03899721448467967