2 0.95390625 0.6559888579387186 0.0265625 0.052924791086350974
2 0.909375 0.7325905292479109 0.0296875 0.07520891364902507
2 0.92265625 0.7994428969359332 0.0375 0.07799442896935933
2 0.67265625 0.5612813370473537 0.0234375 0.04735376044568245
2 0.5875 0.5041782729805014 0.0171875 0.036211699164345405
2 0.571875 0.6225626740947076 0.03125 0.0584958217270195
2 0.46171875 0.5445682451253482 0.0171875 0.05013927576601671
2 0.39375 0.5543175487465181 0.021875 0.0584958217270195
2 0.33203125 0.42896935933147634 0.01875 0.04178272980501393
2 0.27265625 0.47493036211699163 0.01875 0.04735376044568245
2 0.26796875 0.40668523676880225 0.0171875 0.033426183844011144
2 0.178125 0.42896935933147634 0.0171875 0.03899721448467967
2 0.15234375 0.4735376044568245 0.0203125 0.04178272980501393
2 0.01875 0.43454038997214484 0.0171875 0.04178272980501393
2 0.721875 0.5278551532033426 0.0203125 0.04178272980501393
2 0.609375 0.6002785515320335 0.025 0.04735376044568245