0 0.0296875 0.7777777777777778 0.0234375 0.075
0 0.2265625 0.4722222222222222 0.021875 0.041666666666666664
0 0.27578125 0.5027777777777778 0.025 0.03888888888888889
0 0.3515625 0.5333333333333333 0.025 0.044444444444444446
0 0.39375 0.5527777777777778 0.0265625 0.06111111111111111
0 0.36796875 0.4375 0.0203125 0.03611111111111111
0 0.4109375 0.4486111111111111 0.021875 0.041666666666666664
0 0.49453125 0.44722222222222224 0.0203125 0.05
0 0.57578125 0.4583333333333333 0.0265625 0.06111111111111111
0 0.64140625 0.3402777777777778 0.0203125 0.03888888888888889
0 0.709375 0.3458333333333333 0.0234375 0.058333333333333334
0 0.82421875 0.3625 0.021875 0.04722222222222222
0 0.746875 0.3055555555555556 0.0203125 0.03333333333333333
0 0.8609375 0.2847222222222222 0.0234375 0.044444444444444446
0 0.96640625 0.2791666666666667 0.0234375 0.05277777777777778
0 0.621875 0.3 0.01875 0.030555555555555555
0 0.03203125 0.7152777777777778 0.028125 0.06388888888888888