2 0.056598958333333324 0.5741296296296295 0.028609375 0.06525925925925928
2 0.04079166666666666 0.3628796296296296 0.014432291666666663 0.03278703703703702
2 0.03546354166666667 0.4067222222222222 0.020593749999999987 0.037537037037037
2 0.067625 0.49172222222222217 0.022619791666666677 0.05537962962962963
2 0.26276041666666666 0.34924074074074074 0.016979166666666677 0.03061111111111118
2 0.3099739583333333 0.39462037037037034 0.01751041666666664 0.03375925925925934
2 0.3950729166666666 0.3582592592592592 0.014333333333333309 0.03100000000000003
2 0.36625520833333336 0.45225 0.018093749999999974 0.04099074074074072
2 0.4345312499999999 0.51825 0.022416666666666706 0.04836111111111118
2 0.4313437499999999 0.39725 0.015541666666666565 0.03557407407407409
2 0.5095468750000001 0.43472222222222223 0.011994791666666593 0.03643518518518521
2 0.5740052083333332 0.46641666666666665 0.01889583333333338 0.046231481481481436
2 0.6125 0.3613333333333333 0.013796874999999886 0.0390925925925926
2 0.6330677083333333 0.33449999999999996 0.014140625000000106 0.02689814814814808
2 0.7050833333333333 0.3526296296296296 0.015609374999999837 0.023148148148148136
2 0.706453125 0.4001111111111111 0.01704166666666662 0.035657407407407346
2 0.8080729166666666 0.4470462962962963 0.01693229166666681 0.04222222222222219
2 0.7872968749999999 0.39567592592592593 0.016062500000000136 0.030546296296296304
2 0.9368749999999999 0.43902777777777774 0.018276041666666742 0.043787037037037006