3 0.9453125 0.6963788300835655 0.03125 0.055710306406685235
3 0.7203125 0.4596100278551532 0.0140625 0.036211699164345405
3 0.67421875 0.4986072423398329 0.01875 0.03899721448467967
3 0.57578125 0.5988857938718662 0.0234375 0.05013927576601671
3 0.4640625 0.5181058495821727 0.0140625 0.03899721448467967
3 0.38203125 0.564066852367688 0.0203125 0.04178272980501393
3 0.35 0.44986072423398327 0.015625 0.033426183844011144
3 0.3265625 0.4136490250696379 0.015625 0.03064066852367688
3 0.23671875 0.4832869080779944 0.01875 0.04456824512534819
3 0.13046875 0.5278551532033426 0.0203125 0.04456824512534819
3 0.13984375 0.4373259052924791 0.0140625 0.036211699164345405