1 0.9640625 0.4428969359331476 0.046875 0.08635097493036212
1 0.99375 0.37186629526462395 0.0125 0.055710306406685235
1 0.9546875 0.24094707520891365 0.025 0.036211699164345405
1 0.709375 0.28133704735376047 0.01875 0.03899721448467967
1 0.6703125 0.34540389972144847 0.025 0.05013927576601671
1 0.640625 0.42618384401114207 0.0265625 0.04735376044568245
1 0.578125 0.47075208913649025 0.025 0.06406685236768803
1 0.5796875 0.35376044568245124 0.01875 0.033426183844011144
1 0.4015625 0.520891364902507 0.0296875 0.0584958217270195
1 0.31015625 0.45264623955431754 0.01875 0.04735376044568245
1 0.25390625 0.5167130919220055 0.0234375 0.04735376044568245
1 0.1484375 0.6295264623955432 0.025 0.04456824512534819
1 0.0984375 0.5738161559888579 0.0234375 0.04735376044568245
1 0.5 0.44428969359331477 0.0203125 0.04735376044568245