2 0.0546875 0.4192200557103064 0.0296875 0.06406685236768803
2 0.02734375 0.3231197771587744 0.0296875 0.05013927576601671
2 0.321875 0.37047353760445684 0.0234375 0.04456824512534819
2 0.3828125 0.45264623955431754 0.028125 0.05013927576601671
2 0.44375 0.5250696378830083 0.03125 0.06963788300835655
2 0.4171875 0.34540389972144847 0.0171875 0.04178272980501393
2 0.45625 0.4025069637883008 0.0203125 0.05013927576601671
2 0.540625 0.4582172701949861 0.0234375 0.052924791086350974
2 0.61015625 0.5111420612813371 0.028125 0.06963788300835655
2 0.6625 0.40668523676880225 0.0203125 0.05013927576601671
2 0.6890625 0.3816155988857939 0.01875 0.03899721448467967
2 0.76328125 0.47214484679665736 0.021875 0.0584958217270195
2 0.7671875 0.4206128133704735 0.01875 0.033426183844011144
2 0.86015625 0.48746518105849584 0.021875 0.03899721448467967
2 0.8796875 0.552924791086351 0.021875 0.05013927576601671