3 0.7953125 0.5250696378830083 0.021875 0.04178272980501393
3 0.7375 0.5626740947075209 0.0265625 0.04178272980501393
3 0.65703125 0.4958217270194986 0.021875 0.04456824512534819
3 0.61953125 0.6253481894150418 0.0328125 0.06963788300835655
3 0.58671875 0.5821727019498607 0.0265625 0.04178272980501393
3 0.51875 0.541782729805014 0.01875 0.052924791086350974
3 0.43984375 0.5584958217270195 0.025 0.0584958217270195
3 0.41484375 0.4456824512534819 0.0140625 0.03899721448467967
3 0.30625 0.3997214484679666 0.0203125 0.033426183844011144
3 0.39296875 0.40807799442896936 0.0171875 0.03064066852367688
3 0.29921875 0.45264623955431754 0.021875 0.04178272980501393
3 0.221875 0.42896935933147634 0.0234375 0.04178272980501393
3 0.19140625 0.4860724233983287 0.01875 0.04178272980501393
3 0.0546875 0.435933147632312 0.0203125 0.03899721448467967