1 0.22734375 0.22284122562674094 0.0171875 0.036211699164345405
1 0.26796875 0.2646239554317549 0.021875 0.04456824512534819
1 0.36640625 0.2576601671309192 0.0171875 0.036211699164345405
1 0.37265625 0.38579387186629527 0.0265625 0.055710306406685235
1 0.45859375 0.3286908077994429 0.015625 0.03899721448467967
1 0.5640625 0.3788300835654596 0.028125 0.05013927576601671
1 0.65625 0.28969359331476324 0.0171875 0.036211699164345405
1 0.71875 0.3245125348189415 0.0203125 0.05013927576601671
1 0.83359375 0.403899721448468 0.01875 0.04735376044568245
1 0.87890625 0.34401114206128136 0.0234375 0.04178272980501393
1 0.9796875 0.39275766016713093 0.021875 0.052924791086350974
1 0.31328125 0.34818941504178275 0.0234375 0.04735376044568245