0 0.08153645833333334 0.6025277777777778 0.027880208333333312 0.060157407407407486
0 0.056770833333333326 0.4174537037037037 0.017203125000000003 0.041499999999999995
0 0.03613020833333334 0.4698981481481481 0.018838541666666674 0.046629629629629535
0 0.09891666666666665 0.5503055555555556 0.017937499999999995 0.04654629629629628
0 0.30297395833333335 0.3964166666666666 0.013067708333333261 0.03327777777777783
0 0.334328125 0.4346203703703703 0.015265624999999972 0.031166666666666586
0 0.395484375 0.4903333333333333 0.01801041666666663 0.03149074074074068
0 0.4178385416666666 0.40071296296296294 0.013489583333333322 0.02948148148148151
0 0.5381458333333333 0.46795370370370365 0.011208333333333265 0.04401851851851843
0 0.5984947916666666 0.49436111111111103 0.020973958333333265 0.04222222222222219
0 0.6658385416666667 0.39989814814814806 0.016244791666666637 0.03000000000000003
0 0.7369479166666666 0.4368518518518518 0.01662499999999998 0.04649074074074078
0 0.7629166666666667 0.4026759259259259 0.018364583333333507 0.028555555555555636
0 0.8682760416666666 0.4306018518518518 0.019921875 0.03546296296296292
0 0.8332552083333333 0.4884166666666666 0.016020833333333328 0.04456481481481486
0 0.9659218749999999 0.4639074074074074 0.0166614583333331 0.03851851851851854