1 0.91796875 0.5598885793871866 0.03125 0.06406685236768803
1 0.96171875 0.5055710306406686 0.0234375 0.05013927576601671
1 0.978125 0.41086350974930363 0.025 0.05013927576601671
1 0.9296875 0.37047353760445684 0.021875 0.03064066852367688
1 0.70078125 0.33147632311977715 0.015625 0.033426183844011144
1 0.6625 0.36768802228412256 0.01875 0.04178272980501393
1 0.57265625 0.3551532033426184 0.0140625 0.033426183844011144
1 0.5640625 0.47214484679665736 0.0234375 0.05013927576601671
1 0.4875 0.415041782729805 0.0140625 0.033426183844011144
1 0.38984375 0.4554317548746518 0.025 0.04456824512534819
1 0.30703125 0.36908077994428967 0.015625 0.03064066852367688
1 0.2484375 0.3969359331476323 0.0171875 0.04456824512534819
1 0.14140625 0.4623955431754875 0.0171875 0.04178272980501393
1 0.1015625 0.40668523676880225 0.0203125 0.03899721448467967
1 0.00859375 0.44428969359331477 0.0171875 0.04735376044568245
1 0.61953125 0.4415041782729805 0.0203125 0.04456824512534819