1 0.9109375 0.6239554317548747 0.0328125 0.06963788300835655
1 0.95703125 0.5682451253481894 0.025 0.052924791086350974
1 0.97578125 0.4763231197771588 0.0234375 0.04456824512534819
1 0.92890625 0.43175487465181056 0.0203125 0.025069637883008356
1 0.69140625 0.36768802228412256 0.015625 0.03064066852367688
1 0.64921875 0.4136490250696379 0.021875 0.033426183844011144
1 0.603125 0.4763231197771588 0.01875 0.03899721448467967
1 0.55859375 0.3802228412256267 0.015625 0.027855153203342618
1 0.54921875 0.5083565459610028 0.0265625 0.052924791086350974
1 0.4671875 0.43036211699164345 0.0125 0.04178272980501393
1 0.36640625 0.4637883008356546 0.0234375 0.04456824512534819
1 0.2859375 0.3649025069637883 0.0171875 0.033426183844011144
1 0.225 0.38997214484679665 0.0171875 0.04178272980501393
1 0.1125 0.4428969359331476 0.015625 0.04178272980501393
1 0.07421875 0.3816155988857939 0.01875 0.03899721448467967