3 0.98359375 0.6350974930362117 0.0265625 0.07520891364902507
3 0.9875 0.5557103064066853 0.0234375 0.05013927576601671
3 0.790625 0.3342618384401114 0.01875 0.036211699164345405
3 0.7359375 0.36629526462395545 0.0203125 0.036211699164345405
3 0.61796875 0.4331476323119777 0.0265625 0.0584958217270195
3 0.64765625 0.30779944289693595 0.0171875 0.03899721448467967
3 0.59296875 0.34540389972144847 0.0140625 0.036211699164345405
3 0.44375 0.37186629526462395 0.025 0.05013927576601671
3 0.3671875 0.25069637883008355 0.01875 0.036211699164345405
3 0.290625 0.2785515320334262 0.015625 0.03899721448467967
3 0.2625 0.27298050139275765 0.021875 0.03064066852367688
3 0.1875 0.3022284122562674 0.0203125 0.05013927576601671
3 0.0453125 0.25069637883008355 0.0171875 0.04178272980501393