1 0.082875 0.6131944444444445 0.030317708333333315 0.06306481481481477
1 0.040380208333333334 0.5600833333333333 0.023484375000000002 0.04835185185185193
1 0.023494791666666664 0.47357407407407404 0.022187499999999992 0.04221296296296294
1 0.06794270833333332 0.4331851851851852 0.01852083333333334 0.023240740740740763
1 0.29125520833333335 0.37969444444444445 0.013796874999999976 0.029398148148148097
1 0.33023437499999997 0.4240648148148148 0.019984374999999943 0.030962962962963067
1 0.37272916666666667 0.48349074074074067 0.017635416666666615 0.03531481481481491
1 0.415421875 0.3953055555555556 0.014572916666666736 0.026120370370370457
1 0.422765625 0.5150462962962963 0.024348958333333393 0.04791666666666667
1 0.5008072916666666 0.4448796296296296 0.011109375000000022 0.03910185185185182
1 0.5947395833333333 0.47862962962962957 0.02109375 0.041731481481481425
1 0.6709947916666665 0.3886574074074074 0.015114583333333265 0.03049074074074064
1 0.7281458333333333 0.4137222222222222 0.015890625000000113 0.039703703703703755
1 0.83321875 0.4668981481481481 0.013802083333333215 0.03876851851851847
1 0.8695468749999999 0.41101851851851845 0.01740104166666647 0.03552777777777783
1 0.9635624999999999 0.4455925925925926 0.016562500000000212 0.03868518518518521