1 0.03046875 0.5222222222222223 0.0171875 0.03888888888888889
1 0.01484375 0.5611111111111111 0.0203125 0.05
1 0.0296875 0.6652777777777777 0.0234375 0.044444444444444446
1 0.07265625 0.7152777777777778 0.034375 0.058333333333333334
1 0.27578125 0.44583333333333336 0.015625 0.03333333333333333
1 0.31015625 0.4861111111111111 0.021875 0.03888888888888889
1 0.40234375 0.55 0.028125 0.05
1 0.39921875 0.44166666666666665 0.0140625 0.027777777777777776
1 0.48515625 0.48055555555555557 0.0140625 0.03888888888888889
1 0.5796875 0.4986111111111111 0.028125 0.05
1 0.646875 0.4013888888888889 0.015625 0.03888888888888889
1 0.71171875 0.4152777777777778 0.0171875 0.044444444444444446
1 0.8484375 0.3972222222222222 0.0203125 0.03888888888888889
1 0.9453125 0.40694444444444444 0.01875 0.041666666666666664
1 0.3578125 0.5361111111111111 0.0203125 0.041666666666666664
1 0.43984375 0.4625 0.015625 0.03888888888888889
1 0.81484375 0.45 0.01875 0.04722222222222222