3 0.06953125 0.28969359331476324 0.0171875 0.04735376044568245
3 0.08359375 0.4220055710306407 0.0234375 0.055710306406685235
3 0.08359375 0.5041782729805014 0.03125 0.06406685236768803
3 0.29609375 0.3022284122562674 0.01875 0.03899721448467967
3 0.3390625 0.35236768802228413 0.0171875 0.03899721448467967
3 0.4359375 0.4554317548746518 0.025 0.055710306406685235
3 0.60625 0.47075208913649025 0.025 0.05013927576601671
3 0.67578125 0.34818941504178275 0.015625 0.022284122562674095
3 0.69140625 0.38579387186629527 0.0140625 0.027855153203342618
3 0.75546875 0.43454038997214484 0.0171875 0.04735376044568245
3 0.85078125 0.5013927576601671 0.0171875 0.04456824512534819
3 0.89296875 0.4568245125348189 0.025 0.04735376044568245
3 0.98984375 0.5069637883008357 0.0203125 0.04456824512534819