1 0.02734375 0.40947075208913647 0.040625 0.08356545961002786
1 0.275 0.27298050139275765 0.0203125 0.036211699164345405
1 0.30703125 0.3370473537604457 0.025 0.04735376044568245
1 0.34453125 0.42479108635097496 0.025 0.04735376044568245
1 0.409375 0.46657381615598886 0.025 0.06685236768802229
1 0.40234375 0.34958217270194986 0.015625 0.036211699164345405
1 0.43984375 0.39275766016713093 0.0203125 0.04456824512534819
1 0.50625 0.4401114206128134 0.0203125 0.05013927576601671
1 0.62265625 0.5738161559888579 0.0296875 0.06128133704735376
1 0.665625 0.4554317548746518 0.0203125 0.04178272980501393
1 0.72890625 0.5083565459610028 0.021875 0.052924791086350974
1 0.83046875 0.6142061281337048 0.021875 0.05013927576601671
1 0.865625 0.5682451253481894 0.025 0.04456824512534819
1 0.96796875 0.6518105849582173 0.021875 0.04735376044568245