3 0.953125 0.5097493036211699 0.0359375 0.07242339832869081
3 0.96875 0.29526462395543174 0.0171875 0.03899721448467967
3 0.9421875 0.435933147632312 0.021875 0.04456824512534819
3 0.7359375 0.298050139275766 0.0203125 0.033426183844011144
3 0.6890625 0.35376044568245124 0.021875 0.03899721448467967
3 0.5796875 0.45403899721448465 0.025 0.0584958217270195
3 0.54609375 0.3788300835654596 0.015625 0.036211699164345405
3 0.4 0.45264623955431754 0.021875 0.055710306406685235
3 0.328125 0.3635097493036212 0.0171875 0.036211699164345405
3 0.21953125 0.3746518105849582 0.0171875 0.03064066852367688
3 0.1578125 0.47075208913649025 0.0171875 0.04456824512534819
3 0.01484375 0.467966573816156 0.0203125 0.03899721448467967