3 0.07449479166666666 0.6702037037037037 0.029145833333333336 0.05798148148148133
3 0.07478645833333333 0.5883796296296296 0.02031770833333333 0.03493518518518515
3 0.2734583333333333 0.4450648148148148 0.017270833333333346 0.030851851851851898
3 0.3291354166666667 0.48277777777777775 0.015791666666666603 0.03453703703703705
3 0.401953125 0.4509351851851851 0.014557291666666704 0.02700925925925917
3 0.424390625 0.5763703703703704 0.018249999999999923 0.05219444444444434
3 0.5260624999999999 0.5213796296296296 0.013229166666666714 0.0357222222222221
3 0.594375 0.5471574074074073 0.017739583333333364 0.044657407407407375
3 0.6243749999999999 0.451712962962963 0.012770833333333264 0.030907407407407404
3 0.6455624999999999 0.42246296296296293 0.013505208333333307 0.026055555555555544
3 0.7093645833333333 0.44060185185185186 0.01369791666666682 0.026564814814814812
3 0.8036614583333332 0.47750925925925924 0.01651562499999999 0.0331018518518519
3 0.821890625 0.5366759259259258 0.017739583333333187 0.03546296296296292
3 0.9519895833333333 0.5152037037037036 0.03765625000000021 0.0705277777777779