2 0.09727083333333333 0.6058703703703704 0.022109374999999997 0.06280555555555543
2 0.083890625 0.42349999999999993 0.013437500000000014 0.03148148148148143
2 0.07618229166666667 0.46193518518518517 0.01985937499999999 0.038111111111111186
2 0.11199479166666666 0.545037037037037 0.020229166666666652 0.04606481481481476
2 0.2995572916666666 0.40503703703703703 0.014333333333333354 0.032055555555555615
2 0.342765625 0.44739814814814816 0.01698437499999992 0.03730555555555558
2 0.397859375 0.5087685185185186 0.0171875 0.036518518518518624
2 0.43436979166666667 0.5382222222222222 0.021427083333333385 0.043296296296296236
2 0.42559895833333333 0.4133981481481481 0.011848958333333392 0.027703703703703612
2 0.46583854166666666 0.45168518518518513 0.014625000000000022 0.028240740740740792
2 0.5413229166666665 0.4865925925925926 0.01193229166666665 0.04181481481481484
2 0.6064218749999999 0.5179166666666666 0.015645833333333314 0.04946296296296298
2 0.6680364583333334 0.4182592592592592 0.015104166666666608 0.033212962962962916
2 0.738875 0.40854629629629624 0.011567708333333293 0.029620370370370432
2 0.73003125 0.4703888888888888 0.01364583333333318 0.038805555555555635
2 0.8230677083333333 0.44793518518518516 0.011817708333333243 0.030120370370370294
2 0.844890625 0.5004722222222222 0.016270833333333103 0.038101851851851935
2 0.9745052083333332 0.4893981481481481 0.017958333333333344 0.04375