2 0.052765625 0.5862777777777777 0.030859375 0.05392592592592599
2 0.04082291666666667 0.3806574074074074 0.014203125000000006 0.029592592592592677
2 0.03722395833333333 0.4255555555555555 0.020520833333333332 0.04651851851851853
2 0.06865625 0.5068981481481482 0.022916666666666675 0.0554907407407408
2 0.2635885416666666 0.3566296296296296 0.01484375 0.033629629629629676
2 0.30747916666666664 0.3965 0.01842708333333336 0.04130555555555557
2 0.36849479166666665 0.45792592592592585 0.01896354166666674 0.0411759259259259
2 0.435859375 0.5217499999999999 0.022505208333333294 0.054305555555555586
2 0.39573437499999997 0.3679537037037036 0.012963541666666734 0.03880555555555551
2 0.43311979166666664 0.40109259259259256 0.01729687500000008 0.03044444444444439
2 0.5088020833333333 0.43305555555555547 0.012552083333333287 0.04139814814814823
2 0.5753958333333333 0.4676296296296296 0.016979166666666677 0.04758333333333332
2 0.6124427083333334 0.3602962962962962 0.012343749999999964 0.03747222222222225
2 0.6321354166666666 0.33394444444444443 0.015083333333333292 0.028759259259259234
2 0.7040833333333333 0.34924999999999995 0.014968749999999887 0.02183333333333337
2 0.70709375 0.3948333333333333 0.015515624999999922 0.04407407407407409
2 0.7878697916666667 0.38735185185185184 0.01683854166666663 0.03448148148148154
2 0.8088541666666667 0.44339814814814815 0.013500000000000156 0.04144444444444449
2 0.935359375 0.4306759259259259 0.017453125000000114 0.04185185185185184