1 0.9453125 0.6253481894150418 0.034375 0.06963788300835655
1 0.9890625 0.5696378830083565 0.0203125 0.052924791086350974
1 0.96484375 0.43175487465181056 0.0203125 0.025069637883008356
1 0.725 0.3579387186629526 0.015625 0.033426183844011144
1 0.68203125 0.403899721448468 0.021875 0.033426183844011144
1 0.63515625 0.46518105849582175 0.0203125 0.03899721448467967
1 0.59140625 0.36768802228412256 0.015625 0.027855153203342618
1 0.58046875 0.4958217270194986 0.0265625 0.052924791086350974
1 0.49765625 0.415041782729805 0.0125 0.04178272980501393
1 0.39609375 0.4456824512534819 0.0234375 0.04735376044568245
1 0.315625 0.3426183844011142 0.0171875 0.033426183844011144
1 0.25390625 0.36629526462395545 0.01875 0.04456824512534819
1 0.1390625 0.41643454038997213 0.015625 0.04178272980501393
1 0.1015625 0.35376044568245124 0.01875 0.03899721448467967
1 0.0046875 0.38440111420612816 0.00625 0.04178272980501393