1 0.06953645833333333 0.592824074074074 0.029614583333333333 0.06312962962962969
1 0.02785416666666666 0.542648148148148 0.022104166666666657 0.04705555555555555
1 0.014567708333333332 0.45492592592592596 0.02052083333333334 0.041472222222222244
1 0.060239583333333326 0.4166111111111111 0.01895833333333332 0.02565740740740744
1 0.28722916666666665 0.37859259259259254 0.014520833333333361 0.031212962962962998
1 0.3626458333333333 0.4786574074074074 0.015895833333333352 0.04096296296296297
1 0.40889583333333335 0.5115833333333333 0.023250000000000038 0.04424074074074077
1 0.40783854166666667 0.39425925925925925 0.01243229166666655 0.028749999999999904
1 0.49152604166666664 0.4456944444444444 0.012739583333333294 0.036935185185185224
1 0.5845624999999999 0.48626851851851843 0.020901041666666665 0.045518518518518486
1 0.6593697916666666 0.4018888888888889 0.014406249999999865 0.03543518518518517
1 0.7184999999999999 0.4270740740740741 0.01694791666666671 0.04325925925925923
1 0.8616510416666665 0.4342777777777777 0.0171510416666667 0.036129629629629616
1 0.9521510416666666 0.4738333333333333 0.014822916666666686 0.03730555555555558
1 0.44742708333333325 0.4209351851851852 0.015687499999999945 0.034722222222222224
1 0.8259166666666665 0.4954259259259258 0.013307291666666643 0.03534259259259266