1 0.9328125 0.7111111111111111 0.034375 0.06666666666666667
1 0.95234375 0.5041666666666667 0.021875 0.04722222222222222
1 0.98671875 0.6611111111111111 0.0203125 0.041666666666666664
1 0.728125 0.4527777777777778 0.015625 0.03611111111111111
1 0.696875 0.49583333333333335 0.0203125 0.03888888888888889
1 0.60546875 0.4583333333333333 0.0140625 0.03333333333333333
1 0.4875 0.5 0.0125 0.044444444444444446
1 0.5984375 0.5763888888888888 0.025 0.05277777777777778
1 0.365625 0.5652777777777778 0.025 0.05555555555555555
1 0.35 0.4375 0.015625 0.03611111111111111
1 0.2890625 0.45416666666666666 0.0171875 0.044444444444444446
1 0.18359375 0.5027777777777778 0.01875 0.041666666666666664
1 0.64765625 0.55 0.01875 0.04722222222222222
1 0.56484375 0.4861111111111111 0.0140625 0.03611111111111111