3 0.0359375 0.520891364902507 0.0140625 0.03899721448467967
3 0.053125 0.7103064066852368 0.034375 0.06128133704735376
3 0.24609375 0.47493036211699163 0.0171875 0.033426183844011144
3 0.309375 0.5139275766016713 0.0234375 0.04178272980501393
3 0.42265625 0.5891364902506964 0.0265625 0.06963788300835655
3 0.44453125 0.5125348189415042 0.021875 0.03899721448467967
3 0.60234375 0.5487465181058496 0.0234375 0.052924791086350974
3 0.66640625 0.44986072423398327 0.0203125 0.04178272980501393
3 0.73984375 0.47075208913649025 0.0203125 0.04456824512534819
3 0.85390625 0.5167130919220055 0.0203125 0.04178272980501393
3 0.78203125 0.4331476323119777 0.0203125 0.033426183844011144
3 0.88984375 0.45403899721448465 0.0234375 0.04456824512534819
3 0.98984375 0.4777158774373259 0.0203125 0.06406685236768803