1 0.01953125 0.7493036211699164 0.025 0.07242339832869081
1 0.23125 0.4637883008356546 0.0171875 0.04178272980501393
1 0.265625 0.5083565459610028 0.021875 0.04178272980501393
1 0.3640625 0.46657381615598886 0.015625 0.036211699164345405
1 0.4921875 0.5069637883008357 0.0140625 0.04735376044568245
1 0.3734375 0.5933147632311978 0.028125 0.0584958217270195
1 0.62421875 0.5738161559888579 0.0265625 0.06128133704735376
1 0.63984375 0.4331476323119777 0.0171875 0.03899721448467967
1 0.70703125 0.44986072423398327 0.0203125 0.05013927576601671
1 0.82109375 0.4986072423398329 0.0203125 0.04456824512534819
1 0.31953125 0.5668523676880223 0.0203125 0.05013927576601671
1 0.40859375 0.49442896935933145 0.015625 0.03899721448467967