3 0.97421875 0.6573816155988857 0.0375 0.07242339832869081
3 0.74296875 0.4275766016713092 0.0171875 0.033426183844011144
3 0.578125 0.5807799442896936 0.01875 0.052924791086350974
3 0.60546875 0.4331476323119777 0.01875 0.033426183844011144
3 0.46875 0.5167130919220055 0.0171875 0.04178272980501393
3 0.38984375 0.5598885793871866 0.0234375 0.055710306406685235
3 0.3546875 0.44986072423398327 0.0171875 0.03899721448467967
3 0.32734375 0.4233983286908078 0.015625 0.027855153203342618
3 0.25 0.4456824512534819 0.0171875 0.025069637883008356
3 0.240625 0.5097493036211699 0.01875 0.03899721448467967
3 0.12890625 0.5626740947075209 0.0171875 0.03899721448467967
3 0.15390625 0.49442896935933145 0.021875 0.033426183844011144