1 0.06484375 0.5097493036211699 0.0421875 0.08356545961002786
1 0.0203125 0.44428969359331477 0.0265625 0.0584958217270195
1 0.0125 0.3384401114206128 0.015625 0.052924791086350974
1 0.05859375 0.2994428969359331 0.0234375 0.033426183844011144
1 0.3140625 0.2785515320334262 0.0171875 0.03899721448467967
1 0.359375 0.3342618384401114 0.0234375 0.04735376044568245
1 0.39609375 0.40947075208913647 0.025 0.04456824512534819
1 0.46484375 0.4401114206128134 0.021875 0.06128133704735376
1 0.453125 0.318941504178273 0.0171875 0.033426183844011144
1 0.64921875 0.44428969359331477 0.0265625 0.055710306406685235
1 0.73828125 0.35236768802228413 0.0171875 0.04456824512534819
1 0.80078125 0.403899721448468 0.0203125 0.04456824512534819
1 0.91875 0.49164345403899723 0.0234375 0.04178272980501393
1 0.965625 0.4220055710306407 0.021875 0.04735376044568245
1 0.5421875 0.39136490250696376 0.01875 0.04456824512534819