3 0.96875 0.5 0.01875 0.05
3 0.9359375 0.6208333333333333 0.025 0.058333333333333334
3 0.9234375 0.7027777777777777 0.0328125 0.06666666666666667
3 0.74453125 0.40555555555555556 0.01875 0.041666666666666664
3 0.6953125 0.43333333333333335 0.01875 0.03888888888888889
3 0.58515625 0.49027777777777776 0.0265625 0.058333333333333334
3 0.415625 0.425 0.0265625 0.05277777777777778
3 0.36484375 0.2722222222222222 0.015625 0.022222222222222223
3 0.34453125 0.30277777777777776 0.0140625 0.027777777777777776
3 0.27421875 0.32083333333333336 0.01875 0.05
3 0.1703125 0.3416666666666667 0.01875 0.04722222222222222
3 0.13515625 0.2763888888888889 0.0265625 0.05
3 0.03125 0.28194444444444444 0.0234375 0.04722222222222222