1 0.08010416666666667 0.6333055555555556 0.03264583333333333 0.06451851851851857
1 0.03974479166666667 0.5771481481481482 0.023630208333333336 0.04877777777777778
1 0.028416666666666666 0.4817407407407407 0.019911458333333323 0.0492592592592593
1 0.05032291666666666 0.4360092592592592 0.014921874999999996 0.036324074074074036
1 0.29594270833333336 0.4087407407407407 0.015671874999999957 0.03286111111111107
1 0.3264375 0.4508333333333333 0.018229166666666696 0.03125
1 0.4235364583333333 0.5373611111111111 0.020796875000000093 0.05211111111111109
1 0.4163125 0.42925925925925923 0.012895833333333329 0.03462962962962956
1 0.5939635416666667 0.5189814814814814 0.024619791666666658 0.03910185185185182
1 0.6671614583333334 0.43352777777777773 0.016458333333333287 0.031833333333333276
1 0.7306510416666666 0.4596759259259259 0.016484375000000107 0.04089814814814806
1 0.8707135416666667 0.4678888888888889 0.0190052083333331 0.036749999999999894
1 0.9660364583333333 0.5059722222222223 0.01640104166666667 0.04090740740740747
1 0.8332083333333333 0.521074074074074 0.01801041666666663 0.04016666666666677
1 0.372109375 0.5103611111111112 0.01551562500000001 0.04505555555555563
1 0.4569218749999999 0.452037037037037 0.014124999999999943 0.03581481481481477
1 0.49897916666666664 0.473962962962963 0.013656250000000014 0.043305555555555486