0 0.915625 0.7236111111111111 0.0328125 0.06944444444444445
0 0.95546875 0.5416666666666666 0.0203125 0.04722222222222222
0 0.97265625 0.6 0.0234375 0.05277777777777778
0 0.90234375 0.6666666666666666 0.021875 0.05277777777777778
0 0.70703125 0.4583333333333333 0.015625 0.03611111111111111
0 0.671875 0.4888888888888889 0.01875 0.03611111111111111
0 0.60546875 0.5291666666666667 0.0203125 0.03611111111111111
0 0.58984375 0.43333333333333335 0.015625 0.03333333333333333
0 0.4625 0.4708333333333333 0.015625 0.04722222222222222
0 0.3984375 0.48194444444444445 0.025 0.04722222222222222
0 0.3375 0.36944444444444446 0.01875 0.03333333333333333
0 0.2625 0.3888888888888889 0.0203125 0.05277777777777778
0 0.2390625 0.3472222222222222 0.0203125 0.03333333333333333
0 0.1296875 0.3486111111111111 0.0234375 0.041666666666666664
0 0.16015625 0.4166666666666667 0.0203125 0.05
0 0.02734375 0.35833333333333334 0.0203125 0.044444444444444446