2 0.94140625 0.8844011142061281 0.040625 0.08356545961002786
2 0.93671875 0.8175487465181058 0.03125 0.06685236768802229
2 0.97421875 0.754874651810585 0.01875 0.0584958217270195
2 0.98046875 0.7075208913649025 0.0171875 0.04456824512534819
2 0.7578125 0.5779944289693594 0.0203125 0.04735376044568245
2 0.70625 0.6044568245125348 0.0234375 0.04456824512534819
2 0.6328125 0.6406685236768802 0.025 0.05013927576601671
2 0.62265625 0.5278551532033426 0.021875 0.04178272980501393
2 0.58203125 0.5487465181058496 0.021875 0.04178272980501393
2 0.49375 0.5459610027855153 0.01875 0.05013927576601671
2 0.42265625 0.5459610027855153 0.028125 0.0584958217270195
2 0.3640625 0.41225626740947074 0.021875 0.04735376044568245
2 0.3046875 0.4373259052924791 0.021875 0.05013927576601671
2 0.3015625 0.36908077994428967 0.01875 0.036211699164345405
2 0.38046875 0.37604456824512533 0.0171875 0.03064066852367688
2 0.20859375 0.36768802228412256 0.021875 0.04178272980501393
2 0.17734375 0.41086350974930363 0.021875 0.04735376044568245
2 0.0484375 0.33565459610027853 0.0234375 0.055710306406685235
2 0.55859375 0.6685236768802229 0.034375 0.06963788300835655