3 0.91015625 0.8286908077994429 0.0390625 0.06685236768802229
3 0.9515625 0.637883008356546 0.021875 0.04456824512534819
3 0.734375 0.5236768802228412 0.0203125 0.03899721448467967
3 0.6625 0.552924791086351 0.0203125 0.03899721448467967
3 0.60625 0.5947075208913649 0.028125 0.04735376044568245
3 0.5515625 0.6058495821727019 0.0296875 0.055710306406685235
3 0.453125 0.5153203342618384 0.025 0.04735376044568245
3 0.375 0.520891364902507 0.0265625 0.0584958217270195
3 0.315625 0.3955431754874652 0.021875 0.04178272980501393
3 0.22890625 0.35376044568245124 0.0203125 0.036211699164345405
3 0.23359375 0.41225626740947074 0.021875 0.04735376044568245
3 0.13515625 0.4220055710306407 0.0234375 0.052924791086350974
3 0.13125 0.3426183844011142 0.025 0.04178272980501393