1 0.97421875 0.7855153203342619 0.0171875 0.07242339832869081
1 0.76796875 0.4637883008356546 0.0203125 0.036211699164345405
1 0.72109375 0.4818941504178273 0.0265625 0.04735376044568245
1 0.6140625 0.5598885793871866 0.0296875 0.06128133704735376
1 0.6296875 0.4373259052924791 0.0171875 0.033426183844011144
1 0.415625 0.4777158774373259 0.0265625 0.055710306406685235
1 0.34453125 0.35376044568245124 0.021875 0.04456824512534819
1 0.2640625 0.36629526462395545 0.0203125 0.04735376044568245
1 0.10625 0.32172701949860727 0.025 0.04178272980501393
1 0.52890625 0.46657381615598886 0.0171875 0.04456824512534819
1 0.671875 0.5459610027855153 0.025 0.055710306406685235
1 0.58046875 0.44846796657381616 0.01875 0.05013927576601671