1 0.01484375 0.49722222222222223 0.0296875 0.08333333333333333
1 0.26015625 0.3263888888888889 0.01875 0.03611111111111111
1 0.28984375 0.3875 0.021875 0.041666666666666664
1 0.328125 0.4652777777777778 0.0234375 0.05
1 0.3703125 0.49722222222222223 0.03125 0.05555555555555555
1 0.38359375 0.39444444444444443 0.0171875 0.03333333333333333
1 0.46328125 0.475 0.0171875 0.041666666666666664
1 0.5578125 0.5402777777777777 0.025 0.05277777777777778
1 0.640625 0.4777777777777778 0.0203125 0.03888888888888889
1 0.7046875 0.5236111111111111 0.0203125 0.04722222222222222
1 0.8015625 0.6138888888888889 0.0203125 0.04722222222222222
1 0.84453125 0.5736111111111111 0.0234375 0.041666666666666664
1 0.421875 0.4305555555555556 0.01875 0.03888888888888889