0 0.96796875 0.5334261838440112 0.0328125 0.06128133704735376
0 0.97265625 0.3328690807799443 0.01875 0.04456824512534819
0 0.71171875 0.30919220055710306 0.015625 0.033426183844011144
0 0.6734375 0.3649025069637883 0.01875 0.036211699164345405
0 0.60546875 0.4275766016713092 0.0171875 0.033426183844011144
0 0.56796875 0.46518105849582175 0.0234375 0.052924791086350974
0 0.58203125 0.32590529247910865 0.0171875 0.03899721448467967
0 0.440625 0.4233983286908078 0.015625 0.05013927576601671
0 0.37578125 0.44986072423398327 0.0234375 0.055710306406685235
0 0.296875 0.3579387186629526 0.0171875 0.033426183844011144
0 0.22421875 0.39275766016713093 0.015625 0.05013927576601671
0 0.0734375 0.39275766016713093 0.01875 0.03899721448467967
0 0.11796875 0.4554317548746518 0.01875 0.04735376044568245