0 0.9421875 0.38857938718662954 0.0375 0.06685236768802229
0 0.915625 0.3467966573816156 0.028125 0.052924791086350974
0 0.96796875 0.24094707520891365 0.0265625 0.055710306406685235
0 0.93515625 0.20334261838440112 0.0203125 0.03899721448467967
0 0.70546875 0.2646239554317549 0.01875 0.04178272980501393
0 0.67109375 0.3245125348189415 0.021875 0.04178272980501393
0 0.58125 0.32729805013927576 0.0203125 0.036211699164345405
0 0.61640625 0.4011142061281337 0.0234375 0.033426183844011144
0 0.5875 0.44986072423398327 0.0265625 0.0584958217270195
0 0.471875 0.4415041782729805 0.01875 0.04456824512534819
0 0.4109375 0.4860724233983287 0.0234375 0.052924791086350974
0 0.334375 0.4192200557103064 0.01875 0.033426183844011144
0 0.2796875 0.4777158774373259 0.01875 0.04456824512534819
0 0.23671875 0.44707520891364905 0.01875 0.033426183844011144
0 0.1375 0.5236768802228412 0.021875 0.04456824512534819
0 0.184375 0.5710306406685237 0.0203125 0.03899721448467967
0 0.04765625 0.596100278551532 0.01875 0.04178272980501393