3 0.07674479166666666 0.6299074074074074 0.03250520833333335 0.06254629629629625
3 0.28110416666666665 0.4178148148148148 0.015244791666666656 0.02924074074074083
3 0.4300416666666666 0.5505648148148148 0.01682812499999997 0.04657407407407403
3 0.4042447916666666 0.4189722222222222 0.016671874999999982 0.030064814814814787
3 0.5267968749999999 0.49052777777777773 0.015364583333333393 0.03756481481481476
3 0.5979635416666665 0.5270185185185184 0.02106250000000003 0.04793518518518517
3 0.628328125 0.427824074074074 0.015718749999999913 0.033824074074074104
3 0.6522604166666666 0.4031759259259259 0.013781250000000078 0.024064814814814876
3 0.7216666666666666 0.42028703703703707 0.014651041666666665 0.02179629629629621
3 0.730578125 0.4779907407407407 0.016875000000000105 0.03347222222222225
3 0.8309947916666666 0.5217222222222222 0.015515625000000099 0.0342222222222222
3 0.8085052083333333 0.4614537037037037 0.018703124999999952 0.030027777777777785
3 0.9604739583333333 0.5066111111111111 0.0162968750000001 0.03554629629629634