3 0.08826562499999999 0.43405555555555553 0.01128125000000002 0.035185185185185236
3 0.09710416666666666 0.6092962962962962 0.030203125000000008 0.053120370370370214
3 0.28286979166666665 0.4154166666666666 0.014682291666666725 0.02809259259259262
3 0.3400416666666667 0.4593703703703704 0.020760416666666615 0.0360185185185186
3 0.4415833333333333 0.5409259259259259 0.021484375 0.06041666666666667
3 0.4644010416666666 0.4726481481481481 0.019442708333333236 0.03446296296296288
3 0.6080260416666666 0.5241388888888889 0.019546875000000165 0.04566666666666666
3 0.6701927083333332 0.4412222222222221 0.017307291666666735 0.03529629629629625
3 0.737203125 0.4683333333333332 0.01721354166666682 0.03793518518518511
3 0.8408229166666666 0.5237407407407407 0.017869791666666756 0.03561111111111109
3 0.7776093749999999 0.4394907407407407 0.017671874999999913 0.028722222222222153
3 0.8759322916666665 0.47046296296296297 0.020161458333333472 0.0375
3 0.9745520833333334 0.5040555555555555 0.030703124999999786 0.05749999999999997