1 0.08573958333333334 0.5843148148148147 0.031385416666666666 0.058462962962963
1 0.04393229166666666 0.5258333333333333 0.020552083333333332 0.042629629629629545
1 0.028203124999999996 0.43947222222222215 0.02292708333333333 0.04380555555555551
1 0.07209374999999998 0.3983796296296296 0.019947916666666666 0.026129629629629707
1 0.29328125 0.3484814814814815 0.013213541666666639 0.027240740740740677
1 0.3331666666666666 0.39329629629629625 0.01778125000000008 0.03609259259259261
1 0.417 0.3665925925925926 0.013182291666666578 0.024694444444444408
1 0.4240364583333333 0.4772407407407407 0.025375000000000016 0.05213888888888884
1 0.5959999999999999 0.44964814814814813 0.022140625000000115 0.05116666666666671
1 0.6746770833333333 0.36312037037037037 0.015046874999999993 0.026740740740740735
1 0.7319947916666667 0.38970370370370366 0.014333333333333264 0.04200925925925926
1 0.8368489583333332 0.44828703703703704 0.01495833333333323 0.034074074074074034
1 0.8742864583333333 0.3863888888888889 0.016088541666666602 0.03660185185185188
1 0.9683645833333333 0.42514814814814816 0.013770833333333243 0.03917592592592598
1 0.37303125000000004 0.45123148148148146 0.017624999999999957 0.03865740740740746
1 0.5032864583333333 0.41586111111111107 0.010437499999999923 0.04287037037037038