1 0.040625 0.40668523676880225 0.0390625 0.08356545961002786
1 0.04765625 0.1796657381615599 0.025 0.052924791086350974
1 0.315625 0.31197771587743733 0.025 0.05013927576601671
1 0.3734375 0.4192200557103064 0.0265625 0.04735376044568245
1 0.45234375 0.48885793871866295 0.0234375 0.06963788300835655
1 0.52421875 0.415041782729805 0.01875 0.05013927576601671
1 0.59609375 0.49303621169916434 0.0265625 0.052924791086350974
1 0.65 0.3969359331476323 0.0171875 0.03899721448467967
1 0.67734375 0.3746518105849582 0.0171875 0.033426183844011144
1 0.74375 0.4763231197771588 0.0203125 0.04456824512534819
1 0.85078125 0.5738161559888579 0.025 0.04735376044568245
1 0.88046875 0.5236768802228412 0.0234375 0.04178272980501393
1 0.9875 0.6128133704735376 0.0203125 0.04735376044568245
1 0.28125 0.24094707520891365 0.0203125 0.04178272980501393
1 0.45546875 0.3565459610027855 0.021875 0.04735376044568245