1 0.9171875 0.6680555555555555 0.0328125 0.075
1 0.9484375 0.4625 0.021875 0.04722222222222222
1 0.68671875 0.44166666666666665 0.021875 0.044444444444444446
1 0.61796875 0.5083333333333333 0.0234375 0.041666666666666664
1 0.5359375 0.5305555555555556 0.01875 0.06388888888888888
1 0.48359375 0.4263888888888889 0.015625 0.044444444444444446
1 0.40703125 0.4597222222222222 0.021875 0.04722222222222222
1 0.37421875 0.34444444444444444 0.015625 0.03333333333333333
1 0.35390625 0.3125 0.015625 0.027777777777777776
1 0.278125 0.3680555555555556 0.0171875 0.041666666666666664
1 0.165625 0.39861111111111114 0.021875 0.041666666666666664
1 0.14765625 0.3402777777777778 0.0203125 0.03611111111111111
1 0.0375 0.3638888888888889 0.0171875 0.041666666666666664
1 0.97890625 0.6041666666666666 0.028125 0.06111111111111111
1 0.72890625 0.3972222222222222 0.0171875 0.03611111111111111
1 0.5546875 0.4097222222222222 0.01875 0.041666666666666664