1 0.07391145833333332 0.5790925925925925 0.028104166666666663 0.06815740740740732
1 0.05611458333333332 0.37399999999999994 0.01830729166666667 0.04162037037037041
1 0.31031249999999994 0.4013611111111111 0.018557291666666753 0.04023148148148152
1 0.37351562499999996 0.4783703703703703 0.019973958333333285 0.0375185185185185
1 0.45181249999999995 0.5141296296296296 0.015109374999999935 0.05927777777777771
1 0.5082083333333334 0.42353703703703705 0.01260416666666675 0.041898148148148094
1 0.5805312499999999 0.46886111111111106 0.019348958333333322 0.04272222222222221
1 0.61884375 0.36400925925925925 0.012937500000000135 0.031194444444444493
1 0.640640625 0.33602777777777776 0.013567708333333428 0.02487037037037041
1 0.7108281249999999 0.40427777777777774 0.015010416666666693 0.03692592592592597
1 0.8176666666666665 0.45424074074074067 0.0190052083333331 0.037175925925925904
1 0.8385260416666667 0.4003703703703704 0.017557291666666686 0.03143518518518518
1 0.944140625 0.4432407407407407 0.014479166666666644 0.03861111111111121
1 0.01809895833333333 0.5056018518518518 0.024484374999999992 0.05574074074074073
1 0.27190624999999996 0.35031481481481475 0.014927083333333346 0.03271296296296301
1 0.44005208333333334 0.39394444444444443 0.015515624999999922 0.03770370370370368