1 0.91171875 0.7284122562674095 0.040625 0.0807799442896936
1 0.9640625 0.6838440111420613 0.0296875 0.06128133704735376
1 0.9875 0.5877437325905293 0.025 0.052924791086350974
1 0.93984375 0.5306406685236769 0.0234375 0.036211699164345405
1 0.68671875 0.415041782729805 0.0203125 0.03899721448467967
1 0.590625 0.5041782729805014 0.021875 0.052924791086350974
1 0.53515625 0.5264623955431755 0.03125 0.0584958217270195
1 0.5484375 0.39415041782729804 0.0171875 0.036211699164345405
1 0.4484375 0.42479108635097496 0.01875 0.04735376044568245
1 0.33828125 0.4415041782729805 0.028125 0.0584958217270195
1 0.2625 0.32172701949860727 0.0203125 0.04456824512534819
1 0.1921875 0.33147632311977715 0.0234375 0.055710306406685235
1 0.0296875 0.2938718662952646 0.0234375 0.04735376044568245
1 0.50078125 0.41086350974930363 0.021875 0.04456824512534819
1 0.0640625 0.3746518105849582 0.01875 0.04456824512534819