0 0.90234375 0.7841225626740947 0.0328125 0.06963788300835655
0 0.8875 0.7214484679665738 0.0234375 0.055710306406685235
0 0.9515625 0.6657381615598886 0.0265625 0.055710306406685235
0 0.93671875 0.6044568245125348 0.021875 0.03899721448467967
0 0.7046875 0.4986072423398329 0.0171875 0.036211699164345405
0 0.67109375 0.5194986072423399 0.0203125 0.04178272980501393
0 0.5921875 0.4623955431754875 0.0171875 0.033426183844011144
0 0.57578125 0.5877437325905293 0.0296875 0.0584958217270195
0 0.4625 0.48746518105849584 0.01875 0.05013927576601671
0 0.3984375 0.48746518105849584 0.021875 0.052924791086350974
0 0.1703125 0.3983286908077994 0.0203125 0.04456824512534819
0 0.040625 0.32590529247910865 0.0171875 0.03899721448467967
0 0.34296875 0.3774373259052925 0.01875 0.036211699164345405
0 0.2703125 0.383008356545961 0.01875 0.04456824512534819
0 0.24921875 0.3426183844011142 0.01875 0.033426183844011144
0 0.5453125 0.4777158774373259 0.0171875 0.04178272980501393