0 0.07627604166666666 0.6224722222222222 0.02913020833333333 0.059231481481481454
0 0.0366875 0.4880555555555555 0.02048958333333333 0.04696296296296304
0 0.05725 0.43830555555555556 0.01874479166666667 0.03869444444444446
0 0.29584374999999996 0.4131111111111111 0.014499999999999957 0.031166666666666586
0 0.3267552083333333 0.4587777777777778 0.01825000000000001 0.03441666666666663
0 0.41065104166666666 0.42016666666666663 0.01413020833333345 0.027898148148148196
0 0.534390625 0.4940925925925926 0.01192708333333332 0.04070370370370379
0 0.59753125 0.5192777777777777 0.01541666666666668 0.05138888888888889
0 0.6627708333333333 0.43167592592592585 0.015588541666666521 0.025685185185185193
0 0.6553385416666666 0.387537037037037 0.012630208333333393 0.020453703703703734
0 0.8295520833333333 0.5142962962962964 0.013921875000000129 0.035833333333333425
0 0.9566041666666667 0.4827314814814815 0.014244791666666501 0.045111111111111137
0 0.7332864583333334 0.463574074074074 0.015890625000000113 0.03861111111111105