3 0.0485 0.4760833333333333 0.01896875 0.03686111111111106
3 0.017057291666666665 0.5343333333333333 0.02369791666666667 0.05349074074074072
3 0.067515625 0.6686944444444445 0.031005208333333333 0.05456481481481493
3 0.267609375 0.4419814814814814 0.017166666666666684 0.033351851851851834
3 0.31721354166666665 0.48731481481481476 0.022536458333333353 0.03326851851851858
3 0.3945677083333333 0.4438055555555555 0.01785416666666668 0.035861111111111184
3 0.42016666666666663 0.5679907407407406 0.02671354166666671 0.05828703703703708
3 0.45233333333333337 0.5349999999999999 0.02272395833333345 0.03219444444444437
3 0.5166875 0.512037037037037 0.014765624999999893 0.04481481481481495
3 0.5869843749999999 0.5428703703703703 0.019635416666666572 0.04834259259259268
3 0.615984375 0.44518518518518513 0.010114583333333371 0.03250925925925922
3 0.7171354166666667 0.42621296296296296 0.01737500000000001 0.025546296296296272
3 0.6384739583333332 0.4168425925925926 0.014661458333333321 0.026055555555555544
3 0.7203229166666667 0.4754166666666667 0.017276041666666762 0.03345370370370375
3 0.7917343750000001 0.46880555555555553 0.019447916666666742 0.03489814814814814
3 0.8157083333333333 0.526537037037037 0.014791666666666713 0.03615740740740737
3 0.9420885416666666 0.5086574074074074 0.015723958333333243 0.033361111111111084