0 0.903125 0.7722222222222223 0.03125 0.06111111111111111
0 0.95078125 0.6513888888888889 0.021875 0.041666666666666664
0 0.925 0.5944444444444444 0.0171875 0.027777777777777776
0 0.6984375 0.5041666666666667 0.015625 0.03611111111111111
0 0.66484375 0.5361111111111111 0.021875 0.03611111111111111
0 0.5703125 0.6041666666666666 0.028125 0.05555555555555555
0 0.58203125 0.47638888888888886 0.0140625 0.03333333333333333
0 0.53671875 0.5 0.01875 0.03611111111111111
0 0.45390625 0.5138888888888888 0.015625 0.041666666666666664
0 0.38515625 0.5194444444444445 0.025 0.044444444444444446
0 0.3265625 0.4166666666666667 0.0171875 0.030555555555555555
0 0.1171875 0.38055555555555554 0.021875 0.041666666666666664
0 0.009375 0.39305555555555555 0.015625 0.041666666666666664
0 0.25234375 0.4305555555555556 0.0171875 0.044444444444444446
0 0.33828125 0.37222222222222223 0.0140625 0.022222222222222223