2 0.7921875 0.3328690807799443 0.0203125 0.036211699164345405
2 0.74140625 0.39136490250696376 0.021875 0.04178272980501393
2 0.64375 0.362116991643454 0.0171875 0.036211699164345405
2 0.68046875 0.4637883008356546 0.021875 0.04735376044568245
2 0.60703125 0.5473537604456824 0.0265625 0.0584958217270195
2 0.60546875 0.41086350974930363 0.01875 0.04178272980501393
2 0.51875 0.4637883008356546 0.015625 0.04178272980501393
2 0.44765625 0.5083565459610028 0.0234375 0.055710306406685235
2 0.4 0.3955431754874652 0.0171875 0.04456824512534819
2 0.37578125 0.36908077994428967 0.0171875 0.033426183844011144
2 0.29609375 0.3997214484679666 0.01875 0.027855153203342618
2 0.29609375 0.45264623955431754 0.0203125 0.04178272980501393
2 0.184375 0.5194986072423399 0.0203125 0.05013927576601671
2 0.20546875 0.4596100278551532 0.01875 0.036211699164345405
2 0.0390625 0.5292479108635098 0.021875 0.052924791086350974