0 0.09533333333333331 0.6554722222222221 0.025697916666666643 0.06160185185185188
0 0.086921875 0.47657407407407404 0.017713541666666655 0.03916666666666657
0 0.06038020833333333 0.5266203703703703 0.01818229166666665 0.04674999999999996
0 0.3133958333333333 0.4496111111111111 0.014078124999999986 0.03190740740740744
0 0.345484375 0.4900555555555555 0.01778645833333341 0.03813888888888894
0 0.4299791666666666 0.5805370370370371 0.026869791666666566 0.04793518518518517
0 0.428515625 0.45526851851851846 0.015249999999999986 0.03645370370370371
0 0.46408854166666663 0.4940925925925926 0.018630208333333266 0.029509259259259107
0 0.5398333333333334 0.5141018518518519 0.01658333333333335 0.04291666666666664
0 0.6113802083333333 0.5475277777777778 0.01920833333333345 0.047527777777777655
0 0.6810885416666667 0.4597962962962962 0.01505729166666665 0.027777777777777776
0 0.7471822916666666 0.48952777777777784 0.015463541666666636 0.04212037037037043
0 0.8848125 0.4822129629629629 0.01764583333333327 0.03260185185185189
0 0.842859375 0.540861111111111 0.017104166666666743 0.03501851851851841
0 0.9827760416666667 0.5146388888888889 0.016604166666666843 0.04144444444444449
0 0.7780989583333333 0.46048148148148144 0.016979166666666677 0.025842592592592615