3 0.06472395833333333 0.36085185185185187 0.014328125000000002 0.04332407407407403
3 0.08552083333333332 0.4837962962962963 0.02003645833333334 0.0507592592592592
3 0.09027604166666667 0.5631296296296295 0.026140624999999983 0.05748148148148147
3 0.28247916666666667 0.3321944444444444 0.015583333333333371 0.03467592592592597
3 0.32644270833333333 0.37161111111111106 0.014932291666666675 0.034120370370370405
3 0.4250729166666666 0.4534722222222222 0.02060416666666658 0.051185185185185215
3 0.5888802083333333 0.43707407407407406 0.020901041666666665 0.04448148148148145
3 0.649234375 0.30810185185185185 0.014041666666666685 0.01822222222222215
3 0.6657916666666666 0.34135185185185185 0.012026041666666742 0.0241018518518518
3 0.7303697916666666 0.37632407407407403 0.01484375 0.042824074074074084
3 0.8255833333333331 0.42321296296296296 0.013869791666666843 0.04133333333333332
3 0.8635208333333333 0.37237962962962967 0.021817708333333387 0.04113888888888886
3 0.9605937499999999 0.4039259259259259 0.019432291666666757 0.039898148148148176