3 0.07418749999999999 0.5345648148148148 0.03191145833333333 0.06487962962962952
3 0.053515625 0.33528703703703705 0.015484374999999995 0.034629629629629635
3 0.08271875 0.4638611111111111 0.020005208333333323 0.040148148148148106
3 0.27279687499999994 0.3166759259259259 0.0176145833333333 0.029490740740740762
3 0.31861979166666665 0.36557407407407405 0.019296874999999946 0.0339259259259259
3 0.4240989583333333 0.44999074074074075 0.022380208333333408 0.05356481481481473
3 0.45409895833333336 0.37551851851851853 0.014494791666666628 0.032231481481481535
3 0.5932395833333333 0.4328981481481481 0.018833333333333258 0.05012962962962967
3 0.6588020833333333 0.34271296296296294 0.015463541666666636 0.033583333333333305
3 0.7610104166666667 0.34368518518518515 0.014755208333333237 0.02790740740740741
3 0.8220208333333332 0.42878703703703697 0.014536458333333257 0.0400185185185186
3 0.9566927083333333 0.41351851851851856 0.018401041666666628 0.03554629629629634