2 0.05634895833333333 0.6101296296296297 0.032515625000000006 0.0555462962962963
2 0.07118229166666665 0.5311944444444445 0.023822916666666673 0.05596296296296307
2 0.03904166666666666 0.44905555555555554 0.02164062499999999 0.04959259259259249
2 0.04497395833333333 0.4044074074074073 0.01752083333333332 0.03658333333333338
2 0.266109375 0.38311111111111107 0.017239583333333374 0.028833333333333322
2 0.30880729166666665 0.42510185185185184 0.01903125000000001 0.038083333333333275
2 0.37118749999999995 0.4817314814814814 0.0194947916666667 0.04049999999999995
2 0.43747395833333336 0.5458055555555555 0.02323437500000001 0.05410185185185191
2 0.39801562500000004 0.3905277777777777 0.013343749999999942 0.03244444444444446
2 0.43229166666666663 0.42596296296296293 0.01686458333333345 0.035657407407407346
2 0.5098958333333333 0.4575277777777777 0.013520833333333293 0.03894444444444439
2 0.57703125 0.4922407407407407 0.01846875000000008 0.047518518518518564
2 0.6147916666666667 0.3879537037037037 0.012635416666666722 0.03575000000000001
2 0.6353854166666666 0.3598611111111111 0.013265624999999837 0.028490740740740723
2 0.7074010416666667 0.3739722222222222 0.013593749999999894 0.028166666666666628
2 0.70984375 0.4161574074074074 0.015604166666666686 0.049074074074074124
2 0.7898854166666667 0.41742592592592587 0.015588541666666521 0.033861111111111106
2 0.8108072916666667 0.4673425925925926 0.016416666666666656 0.04099074074074072
2 0.9409114583333332 0.4585092592592593 0.01698958333333316 0.04266666666666671