1 0.09140625 0.7298050139275766 0.0359375 0.07520891364902507
1 0.0375 0.7033426183844012 0.025 0.052924791086350974
1 0.0203125 0.5988857938718662 0.021875 0.055710306406685235
1 0.03671875 0.552924791086351 0.021875 0.03899721448467967
1 0.2890625 0.4637883008356546 0.0171875 0.033426183844011144
1 0.3296875 0.5013927576601671 0.021875 0.04178272980501393
1 0.3796875 0.5598885793871866 0.021875 0.04456824512534819
1 0.4453125 0.5584958217270195 0.0203125 0.06128133704735376
1 0.41796875 0.4582172701949861 0.0140625 0.033426183844011144
1 0.459375 0.4735376044568245 0.01875 0.03899721448467967
1 0.52734375 0.479108635097493 0.0171875 0.04735376044568245
1 0.65625 0.5306406685236769 0.025 0.055710306406685235
1 0.6734375 0.3997214484679666 0.0171875 0.03899721448467967
1 0.73984375 0.40947075208913647 0.01875 0.04735376044568245
1 0.85078125 0.4456824512534819 0.01875 0.04735376044568245
1 0.87421875 0.383008356545961 0.021875 0.03899721448467967
1 0.98203125 0.3997214484679666 0.01875 0.04456824512534819