3 0.9578125 0.48746518105849584 0.0375 0.07242339832869081
3 0.94609375 0.4052924791086351 0.025 0.04456824512534819
3 0.7265625 0.34958217270194986 0.021875 0.03899721448467967
3 0.6765625 0.41225626740947074 0.0203125 0.04178272980501393
3 0.5984375 0.4136490250696379 0.01875 0.033426183844011144
3 0.59375 0.5487465181058496 0.025 0.06128133704735376
3 0.484375 0.5389972144846796 0.01875 0.04178272980501393
3 0.41953125 0.5947075208913649 0.0234375 0.052924791086350974
3 0.37578125 0.5125348189415042 0.0171875 0.036211699164345405
3 0.35078125 0.49303621169916434 0.0171875 0.033426183844011144
3 0.2890625 0.5389972144846796 0.0171875 0.033426183844011144
3 0.2 0.6183844011142061 0.021875 0.04178272980501393
3 0.18984375 0.6866295264623955 0.0234375 0.04456824512534819
3 0.05703125 0.7228412256267409 0.046875 0.08635097493036212