1 0.89453125 0.8050139275766016 0.040625 0.07799442896935933
1 0.9421875 0.766016713091922 0.0296875 0.0584958217270195
1 0.96484375 0.6768802228412256 0.0265625 0.055710306406685235
1 0.94921875 0.6225626740947076 0.01875 0.04178272980501393
1 0.7109375 0.4958217270194986 0.0203125 0.03899721448467967
1 0.67578125 0.5250696378830083 0.021875 0.03899721448467967
1 0.56875 0.5710306406685237 0.0265625 0.0584958217270195
1 0.58984375 0.467966573816156 0.0171875 0.03899721448467967
1 0.40390625 0.48467966573816157 0.0296875 0.04735376044568245
1 0.3421875 0.37047353760445684 0.0203125 0.03899721448467967
1 0.2765625 0.37047353760445684 0.021875 0.04735376044568245
1 0.1375 0.32172701949860727 0.0234375 0.04456824512534819
1 0.0390625 0.3203342618384401 0.021875 0.04735376044568245
1 0.16796875 0.38857938718662954 0.0234375 0.04735376044568245
1 0.6234375 0.5654596100278552 0.0203125 0.05013927576601671
1 0.546875 0.4735376044568245 0.01875 0.04178272980501393
1 0.503125 0.4777158774373259 0.01875 0.04735376044568245