0 0.96796875 0.5877437325905293 0.0328125 0.06406685236768803
0 0.98515625 0.39415041782729804 0.0203125 0.04178272980501393
0 0.95078125 0.5292479108635098 0.021875 0.052924791086350974
0 0.7390625 0.34958217270194986 0.0171875 0.036211699164345405
0 0.6921875 0.39415041782729804 0.0203125 0.036211699164345405
0 0.621875 0.44846796657381616 0.01875 0.03064066852367688
0 0.584375 0.4805013927576602 0.021875 0.055710306406685235
0 0.5953125 0.3579387186629526 0.01875 0.036211699164345405
0 0.55625 0.38857938718662954 0.01875 0.036211699164345405
0 0.46875 0.4206128133704735 0.0171875 0.04178272980501393
0 0.39609375 0.44428969359331477 0.021875 0.0584958217270195
0 0.325 0.3412256267409471 0.01875 0.033426183844011144
0 0.25625 0.37604456824512533 0.0203125 0.04735376044568245
0 0.2140625 0.3398328690807799 0.01875 0.03899721448467967
0 0.14765625 0.42479108635097496 0.0203125 0.04456824512534819
0 0.103125 0.3593314763231198 0.0203125 0.04178272980501393
0 0.00625 0.39415041782729804 0.009375 0.03899721448467967