3 0.990625 0.5473537604456824 0.01875 0.06963788300835655
3 0.75546875 0.3746518105849582 0.0234375 0.04456824512534819
3 0.70625 0.4428969359331476 0.028125 0.04456824512534819
3 0.61640625 0.42479108635097496 0.0234375 0.04735376044568245
3 0.603125 0.5710306406685237 0.0359375 0.07520891364902507
3 0.56328125 0.5473537604456824 0.028125 0.04456824512534819
3 0.48984375 0.5459610027855153 0.021875 0.055710306406685235
3 0.41640625 0.6072423398328691 0.028125 0.06128133704735376
3 0.3734375 0.5111420612813371 0.015625 0.03899721448467967
3 0.259375 0.5278551532033426 0.021875 0.033426183844011144
3 0.3453125 0.48746518105849584 0.01875 0.033426183844011144
3 0.2625 0.5835654596100278 0.0234375 0.04456824512534819
3 0.1828125 0.6030640668523677 0.025 0.04456824512534819
3 0.16328125 0.6768802228412256 0.0203125 0.04456824512534819
3 0.02265625 0.7047353760445683 0.021875 0.04178272980501393