1 0.026119791666666663 0.4323796296296296 0.019145833333333338 0.044583333333333364
1 0.011265625000000001 0.47 0.019098958333333332 0.05533333333333338
1 0.019098958333333332 0.5785648148148148 0.019755208333333336 0.045314814814814815
1 0.05873437499999999 0.6343518518518518 0.03416666666666666 0.06714814814814818
1 0.31184375 0.4423888888888889 0.017249999999999942 0.04375925925925925
1 0.3988125 0.4245833333333333 0.012994791666666705 0.030925925925925905
1 0.35435416666666664 0.5078425925925926 0.018973958333333395 0.04401851851851843
1 0.3970364583333333 0.5238888888888888 0.025239583333333336 0.05795370370370358
1 0.43882812499999996 0.4499722222222223 0.01615104166666672 0.03421296296296295
1 0.48224999999999996 0.4796111111111111 0.01171354166666667 0.0374814814814815
1 0.6236302083333333 0.5435648148148148 0.020567708333333278 0.05108333333333345
1 0.6485260416666667 0.42525925925925917 0.015380208333333378 0.030027777777777785
1 0.7111927083333333 0.4478333333333333 0.01754166666666652 0.043962962962962926
1 0.8130677083333332 0.5060092592592592 0.013640625000000028 0.03814814814814819
1 0.846890625 0.4554351851851851 0.016755208333333372 0.041499999999999995