0 0.062953125 0.5601203703703703 0.031479166666666655 0.056333333333333256
0 0.08340624999999999 0.5092129629629629 0.023119791666666667 0.04490740740740746
0 0.021046875 0.4273055555555555 0.02031770833333333 0.04943518518518523
0 0.04872916666666667 0.3787222222222221 0.01705208333333334 0.03276851851851856
0 0.2764010416666667 0.3544722222222222 0.014453125 0.035296296296296284
0 0.31641145833333334 0.399074074074074 0.018223958333333366 0.03432407407407412
0 0.4038541666666666 0.3699259259259259 0.016796875 0.030175925925925957
0 0.3779375 0.45262037037037034 0.02003124999999999 0.02577777777777786
0 0.4118072916666666 0.4890648148148148 0.020890625000000006 0.0496388888888889
0 0.5219114583333333 0.43859259259259253 0.01463020833333335 0.039462962962962915
0 0.5855416666666666 0.460324074074074 0.017984375000000163 0.046240740740740846
0 0.6517447916666665 0.36776851851851844 0.01637500000000003 0.026962962962962952
0 0.7115156249999999 0.4043981481481481 0.01410416666666663 0.038833333333333386
0 0.7489479166666666 0.3585648148148148 0.015677083333333286 0.027518518518518557
0 0.8534843750000001 0.3970833333333333 0.017630208333333286 0.03706481481481474
0 0.8139270833333333 0.45914814814814814 0.016005208333333344 0.033851851851851855
0 0.947890625 0.4328518518518518 0.014848958333333329 0.03681481481481481