0 0.9875 0.5779944289693594 0.025 0.06406685236768803
0 0.9953125 0.3816155988857939 0.0078125 0.03899721448467967
0 0.96953125 0.5236768802228412 0.0203125 0.0584958217270195
0 0.75234375 0.3635097493036212 0.0171875 0.036211699164345405
0 0.7078125 0.415041782729805 0.0203125 0.04178272980501393
0 0.6375 0.4735376044568245 0.0203125 0.036211699164345405
0 0.60234375 0.5055710306406686 0.0203125 0.0584958217270195
0 0.61015625 0.383008356545961 0.015625 0.036211699164345405
0 0.56796875 0.4233983286908078 0.01875 0.03899721448467967
0 0.47890625 0.4596100278551532 0.015625 0.04456824512534819
0 0.4109375 0.49164345403899723 0.021875 0.052924791086350974
0 0.3359375 0.4011142061281337 0.01875 0.036211699164345405
0 0.2640625 0.435933147632312 0.0171875 0.04735376044568245
0 0.346875 0.35097493036211697 0.01875 0.019498607242339833
0 0.23515625 0.40807799442896936 0.01875 0.03064066852367688
0 0.16015625 0.5069637883008357 0.0203125 0.036211699164345405
0 0.1171875 0.43036211699164345 0.0203125 0.033426183844011144
0 0.01484375 0.4735376044568245 0.01875 0.04178272980501393