0 0.094875 0.6490185185185186 0.02538541666666667 0.052990740740740706
0 0.05915624999999999 0.52 0.018062500000000002 0.037212962962963066
0 0.08905208333333332 0.47171296296296295 0.014598958333333356 0.02308333333333334
0 0.3142552083333333 0.4464537037037037 0.012401041666666668 0.030907407407407404
0 0.34409895833333326 0.48623148148148143 0.01816145833333325 0.03147222222222218
0 0.4291510416666666 0.5775648148148148 0.02385416666666664 0.0482037037037036
0 0.42861979166666664 0.45132407407407404 0.011692708333333357 0.02998148148148153
0 0.470515625 0.48577777777777775 0.01577083333333338 0.03101851851851857
0 0.5489166666666667 0.5220277777777778 0.011739583333333314 0.037416666666666744
0 0.6146041666666666 0.5465648148148148 0.021390625000000087 0.03890740740740739
0 0.6798854166666667 0.463537037037037 0.014619791666666692 0.02655555555555556
0 0.8845468749999998 0.4849074074074074 0.017885416666666744 0.03706481481481474
0 0.98853125 0.5267222222222222 0.015489583333333102 0.03684259259259256
0 0.7496666666666666 0.49609259259259253 0.013052083333333363 0.03956481481481483
0 0.6725989583333334 0.41738888888888886 0.011848958333333392 0.018268518518518483