1 0.08231770833333334 0.608611111111111 0.028401041666666637 0.060148148148148235
1 0.02680208333333333 0.5583333333333333 0.022359374999999994 0.04537962962962957
1 0.01669270833333333 0.4580092592592592 0.022453125 0.04714814814814822
1 0.06216666666666666 0.4078888888888888 0.02321875 0.0404722222222222
1 0.27872916666666664 0.38569444444444445 0.016109375000000002 0.034259259259259205
1 0.316 0.43413888888888885 0.01815104166666659 0.038324074074074115
1 0.42017708333333326 0.5015462962962962 0.0175416666666667 0.05228703703703701
1 0.403828125 0.4003148148148148 0.010515625000000028 0.03175000000000002
1 0.5045833333333333 0.4571296296296296 0.01735416666666669 0.041611111111111
1 0.5870260416666666 0.5103796296296297 0.020598958333333427 0.04096296296296297
1 0.6386406250000001 0.39032407407407405 0.015364583333333393 0.036777777777777805
1 0.7166874999999999 0.4362592592592593 0.015385416666666707 0.03763888888888892
1 0.8218802083333333 0.48194444444444445 0.01898958333333347 0.0434259259259259
1 0.8622708333333332 0.45038888888888884 0.020083333333333186 0.031407407407407426
1 0.9521510416666666 0.47730555555555554 0.018203124999999785 0.038314814814814864
1 0.4471927083333333 0.42341666666666666 0.014208333333333378 0.03975000000000001