1 0.9640625 0.38997214484679665 0.04375 0.08635097493036212
1 0.94765625 0.18802228412256267 0.0234375 0.03899721448467967
1 0.696875 0.23676880222841226 0.0203125 0.04456824512534819
1 0.66171875 0.3050139275766017 0.0234375 0.05013927576601671
1 0.6265625 0.3969359331476323 0.0234375 0.04735376044568245
1 0.578125 0.44986072423398327 0.0328125 0.06406685236768803
1 0.5234375 0.37186629526462395 0.0203125 0.04456824512534819
1 0.47734375 0.42618384401114207 0.0203125 0.04735376044568245
1 0.38359375 0.5055710306406686 0.0328125 0.06128133704735376
1 0.2890625 0.4387186629526462 0.0234375 0.04735376044568245
1 0.2296875 0.5027855153203342 0.025 0.055710306406685235
1 0.11328125 0.6420612813370473 0.0265625 0.04178272980501393
1 0.0671875 0.575208913649025 0.025 0.04735376044568245
1 0.56640625 0.3203342618384401 0.021875 0.03899721448467967