3 0.01875 0.6880222841225627 0.025 0.07520891364902507
3 0.0015625 0.46935933147632314 0.003125 0.04735376044568245
3 0.209375 0.41643454038997213 0.0203125 0.04178272980501393
3 0.02109375 0.6058495821727019 0.0203125 0.05013927576601671
3 0.27421875 0.4568245125348189 0.0234375 0.04456824512534819
3 0.3890625 0.5306406685236769 0.025 0.0584958217270195
3 0.41015625 0.44707520891364905 0.0234375 0.04178272980501393
3 0.49921875 0.44707520891364905 0.021875 0.03899721448467967
3 0.57734375 0.4805013927576602 0.021875 0.055710306406685235
3 0.64140625 0.36908077994428967 0.021875 0.04735376044568245
3 0.76171875 0.34958217270194986 0.03125 0.06406685236768803
3 0.7265625 0.3955431754874652 0.0171875 0.04456824512534819
3 0.8375 0.43036211699164345 0.0171875 0.04456824512534819
3 0.875 0.3593314763231198 0.0265625 0.04735376044568245
3 0.9875 0.39136490250696376 0.01875 0.04178272980501393