2 0.94453125 0.7353760445682451 0.0390625 0.06685236768802229
2 0.9359375 0.649025069637883 0.0296875 0.06406685236768803
2 0.9765625 0.5738161559888579 0.0265625 0.0584958217270195
2 0.975 0.5264623955431755 0.021875 0.04178272980501393
2 0.75 0.4401114206128134 0.0203125 0.033426183844011144
2 0.70234375 0.47214484679665736 0.0234375 0.04456824512534819
2 0.63359375 0.5111420612813371 0.0234375 0.04735376044568245
2 0.559375 0.5584958217270195 0.028125 0.06128133704735376
2 0.6140625 0.40947075208913647 0.0171875 0.036211699164345405
2 0.57578125 0.4373259052924791 0.0203125 0.04178272980501393
2 0.49296875 0.44707520891364905 0.0171875 0.04456824512534819
2 0.42109375 0.4623955431754875 0.0234375 0.052924791086350974
2 0.3921875 0.34540389972144847 0.015625 0.04178272980501393
2 0.3734375 0.31058495821727017 0.015625 0.033426183844011144
2 0.2984375 0.30362116991643456 0.0171875 0.033426183844011144
2 0.2921875 0.3467966573816156 0.0203125 0.055710306406685235
2 0.21015625 0.3245125348189415 0.01875 0.03899721448467967
2 0.18359375 0.36908077994428967 0.0203125 0.04735376044568245
2 0.0515625 0.3231197771587744 0.021875 0.05013927576601671