0 0.10078125 0.7805555555555556 0.0375 0.07222222222222222
0 0.04609375 0.6597222222222222 0.025 0.05555555555555555
0 0.059375 0.6055555555555555 0.0234375 0.044444444444444446
0 0.28984375 0.4875 0.01875 0.041666666666666664
0 0.32578125 0.5166666666666667 0.0234375 0.044444444444444446
0 0.40234375 0.44722222222222224 0.0171875 0.03888888888888889
0 0.43046875 0.5569444444444445 0.0265625 0.05555555555555555
0 0.446875 0.46805555555555556 0.0171875 0.03611111111111111
0 0.53125 0.46805555555555556 0.0140625 0.044444444444444446
0 0.59375 0.4708333333333333 0.0234375 0.05
0 0.64921875 0.35833333333333334 0.0203125 0.03611111111111111
0 0.7375 0.3125 0.0265625 0.03888888888888889
0 0.81953125 0.375 0.0234375 0.04722222222222222
0 0.940625 0.29583333333333334 0.021875 0.044444444444444446
0 0.72265625 0.3625 0.0203125 0.041666666666666664
0 0.11171875 0.7180555555555556 0.021875 0.05
0 0.83984375 0.3 0.025 0.041666666666666664