2 0.8890625 0.6573816155988857 0.0265625 0.06406685236768803
2 0.9265625 0.5779944289693594 0.0265625 0.052924791086350974
2 0.925 0.5292479108635098 0.0203125 0.04735376044568245
2 0.69921875 0.4623955431754875 0.0171875 0.03899721448467967
2 0.65234375 0.4958217270194986 0.0234375 0.04456824512534819
2 0.58515625 0.5431754874651811 0.0234375 0.052924791086350974
2 0.51171875 0.6002785515320335 0.0296875 0.06406685236768803
2 0.56328125 0.4456824512534819 0.015625 0.036211699164345405
2 0.52578125 0.47493036211699163 0.0203125 0.04178272980501393
2 0.4390625 0.5 0.015625 0.04735376044568245
2 0.365625 0.5222841225626741 0.025 0.052924791086350974
2 0.33828125 0.3969359331476323 0.0203125 0.04178272980501393
2 0.31484375 0.3635097493036212 0.015625 0.03064066852367688
2 0.23671875 0.3607242339832869 0.0140625 0.027855153203342618
2 0.228125 0.40807799442896936 0.01875 0.04456824512534819
2 0.14453125 0.3871866295264624 0.0203125 0.03899721448467967
2 0.1171875 0.4415041782729805 0.0203125 0.04456824512534819
2 0.89609375 0.7284122562674095 0.034375 0.07242339832869081