0 0.02734375 0.733983286908078 0.0296875 0.06963788300835655
0 0.015625 0.5334261838440112 0.0203125 0.04456824512534819
0 0.26875 0.49442896935933145 0.015625 0.036211699164345405
0 0.30546875 0.5389972144846796 0.0203125 0.04456824512534819
0 0.40078125 0.637883008356546 0.03125 0.055710306406685235
0 0.39765625 0.4972144846796657 0.0171875 0.04178272980501393
0 0.43828125 0.5389972144846796 0.021875 0.033426183844011144
0 0.52265625 0.5598885793871866 0.01875 0.04735376044568245
0 0.603125 0.5947075208913649 0.021875 0.052924791086350974
0 0.68046875 0.49303621169916434 0.0171875 0.03064066852367688
0 0.7546875 0.5250696378830083 0.0171875 0.04735376044568245
0 0.90859375 0.5111420612813371 0.0203125 0.036211699164345405
0 0.8625 0.5793871866295265 0.01875 0.03899721448467967
0 0.7890625 0.49164345403899723 0.01875 0.03064066852367688