2 0.07803645833333334 0.6236574074074074 0.026416666666666644 0.0661018518518519
2 0.09358333333333332 0.5626851851851852 0.023026041666666653 0.051842592592592655
2 0.06115104166666666 0.4781481481481481 0.022244791666666663 0.051351851851851885
2 0.28394791666666663 0.4243518518518518 0.014401041666666715 0.029268518518518583
2 0.3266041666666667 0.4628055555555555 0.017973958333333328 0.041537037037037
2 0.3790833333333333 0.5276851851851851 0.018911458333333277 0.03903703703703706
2 0.4184270833333333 0.5552222222222222 0.022854166666666665 0.04700000000000004
2 0.40980729166666663 0.4317962962962963 0.01323958333333337 0.03060185185185181
2 0.4402135416666667 0.45275000000000004 0.014213541666666708 0.032472222222222215
2 0.52471875 0.5062407407407408 0.012385416666666593 0.042833333333333376
2 0.5868906249999999 0.5387314814814814 0.020192708333333264 0.044175925925926014
2 0.6455833333333333 0.4376203703703703 0.01388020833333332 0.0356851851851851
2 0.7197239583333332 0.42802777777777773 0.013015624999999887 0.027583333333333352
2 0.7097083333333334 0.4872685185185185 0.015130208333333428 0.0393518518518519
2 0.8250052083333334 0.5172777777777777 0.01819270833333313 0.04300000000000005
2 0.8026510416666666 0.46759259259259256 0.016510416666666573 0.034490740740740794
2 0.9509322916666665 0.5114166666666667 0.016567708333333188 0.04340740740740756