0 0.1859375 0.5612813370473537 0.021875 0.04456824512534819
0 0.2375 0.5905292479108635 0.0265625 0.05013927576601671
0 0.315625 0.6128133704735376 0.025 0.04456824512534819
0 0.35546875 0.6253481894150418 0.028125 0.06685236768802229
0 0.328125 0.5097493036211699 0.0203125 0.04178272980501393
0 0.37578125 0.5292479108635098 0.025 0.04735376044568245
0 0.46953125 0.5194986072423399 0.021875 0.05013927576601671
0 0.540625 0.5167130919220055 0.028125 0.06128133704735376
0 0.59921875 0.38997214484679665 0.0234375 0.04178272980501393
0 0.675 0.38857938718662954 0.025 0.055710306406685235
0 0.58046875 0.3467966573816156 0.021875 0.027855153203342618
0 0.7 0.3467966573816156 0.021875 0.03899721448467967
0 0.78828125 0.40668523676880225 0.025 0.04456824512534819
0 0.81796875 0.30919220055710306 0.025 0.04178272980501393
0 0.925 0.3008356545961003 0.0234375 0.05013927576601671