3 0.02421875 0.6197771587743732 0.0328125 0.06963788300835655
3 0.0265625 0.5403899721448467 0.0203125 0.04735376044568245
3 0.0015625 0.3955431754874652 0.003125 0.04456824512534819
3 0.22578125 0.35097493036211697 0.0171875 0.033426183844011144
3 0.278125 0.3871866295264624 0.01875 0.033426183844011144
3 0.38984375 0.46657381615598886 0.0234375 0.052924791086350974
3 0.365625 0.3412256267409471 0.015625 0.036211699164345405
3 0.4171875 0.38440111420612816 0.0125 0.033426183844011144
3 0.56015625 0.4275766016713092 0.021875 0.04735376044568245
3 0.6390625 0.3203342618384401 0.0171875 0.033426183844011144
3 0.7125 0.3565459610027855 0.0125 0.036211699164345405
3 0.73984375 0.35376044568245124 0.0203125 0.027855153203342618
3 0.81171875 0.39136490250696376 0.01875 0.04456824512534819
3 0.9515625 0.3579387186629526 0.015625 0.03899721448467967