0 0.057182291666666676 0.6074351851851851 0.028161458333333327 0.05366666666666665
0 0.018416666666666665 0.478037037037037 0.018880208333333336 0.047601851851851826
0 0.04903645833333333 0.4300925925925925 0.016182291666666664 0.03917592592592582
0 0.28069791666666666 0.3949537037037037 0.013291666666666656 0.02895370370370374
0 0.3151770833333333 0.44232407407407404 0.01665104166666671 0.03102777777777782
0 0.3769635416666667 0.49370370370370376 0.014869791666666642 0.028981481481481493
0 0.4108333333333333 0.5256666666666667 0.01996354166666663 0.044583333333333364
0 0.39618749999999997 0.40227777777777773 0.014291666666666725 0.034731481481481474
0 0.5235260416666666 0.48078703703703696 0.012562499999999944 0.04266666666666671
0 0.5814322916666665 0.5009629629629628 0.01989062500000003 0.047555555555555414
0 0.6497083333333333 0.41487037037037033 0.015078124999999965 0.028499999999999973
0 0.7150989583333333 0.4426574074074074 0.013505208333333307 0.042638888888888796
0 0.8489218749999999 0.4341851851851852 0.015494791666666785 0.03465740740740731
0 0.9438385416666666 0.46591666666666665 0.016895833333333242 0.03643518518518521
0 0.8103124999999999 0.49166666666666664 0.015682291666666615 0.04118518518518515