2 0.1109375 0.3875 0.0328125 0.06666666666666667
2 0.08984375 0.2875 0.03125 0.05277777777777778
2 0.378125 0.3875 0.025 0.04722222222222222
2 0.43359375 0.48055555555555557 0.0296875 0.05277777777777778
2 0.48984375 0.5638888888888889 0.034375 0.07222222222222222
2 0.47421875 0.3819444444444444 0.01875 0.044444444444444446
2 0.509375 0.44583333333333336 0.021875 0.05
2 0.5890625 0.5152777777777777 0.025 0.05555555555555555
2 0.6546875 0.5791666666666667 0.03125 0.07222222222222222
2 0.7125 0.4875 0.021875 0.05277777777777778
2 0.73984375 0.46805555555555556 0.0203125 0.041666666666666664
2 0.80859375 0.5694444444444444 0.025 0.06111111111111111
2 0.81484375 0.5194444444444445 0.0203125 0.03611111111111111
2 0.903125 0.6027777777777777 0.0234375 0.041666666666666664
2 0.91796875 0.6708333333333333 0.025 0.05277777777777778