2 0.0421875 0.41805555555555557 0.0265625 0.03333333333333333
2 0.0390625 0.46805555555555556 0.0234375 0.04722222222222222
2 0.0703125 0.5541666666666667 0.025 0.06388888888888888
2 0.059375 0.6277777777777778 0.03125 0.06944444444444445
2 0.31953125 0.4236111111111111 0.0203125 0.041666666666666664
2 0.38125 0.48194444444444445 0.0203125 0.044444444444444446
2 0.44296875 0.41388888888888886 0.01875 0.03333333333333333
2 0.52890625 0.44166666666666665 0.015625 0.041666666666666664
2 0.453125 0.5375 0.0265625 0.06388888888888888
2 0.59765625 0.4666666666666667 0.0203125 0.05277777777777778
2 0.6328125 0.3541666666666667 0.015625 0.041666666666666664
2 0.65390625 0.325 0.015625 0.027777777777777776
2 0.72890625 0.3333333333333333 0.0171875 0.030555555555555555
2 0.73359375 0.3819444444444444 0.0203125 0.04722222222222222
2 0.81875 0.36527777777777776 0.01875 0.041666666666666664
2 0.84375 0.42083333333333334 0.0203125 0.04722222222222222
2 0.97734375 0.39861111111111114 0.0203125 0.044444444444444446
2 0.26796875 0.3819444444444444 0.0171875 0.03888888888888889
2 0.40546875 0.37916666666666665 0.015625 0.03888888888888889