1 0.08211979166666665 0.5687222222222222 0.029192708333333338 0.059916666666666646
1 0.039338541666666664 0.5186574074074073 0.021953125000000007 0.0470648148148148
1 0.021453124999999997 0.4286574074074074 0.02258333333333333 0.04817592592592585
1 0.0674375 0.3866018518518518 0.020218749999999997 0.027268518518518508
1 0.288484375 0.33496296296296296 0.01381249999999996 0.030768518518518563
1 0.3260052083333333 0.36827777777777776 0.017890624999999983 0.03816666666666669
1 0.4126614583333333 0.3509444444444444 0.013541666666666608 0.030935185185185118
1 0.4230625 0.46329629629629626 0.021291666666666664 0.04654629629629628
1 0.4966354166666666 0.40318518518518515 0.013260416666666686 0.03253703703703697
1 0.5919114583333334 0.4365833333333333 0.02392708333333342 0.04201851851851852
1 0.6704791666666666 0.34724999999999995 0.014755208333333237 0.029805555555555606
1 0.7272864583333334 0.37064814814814817 0.016135416666666735 0.04266666666666671
1 0.8322031249999998 0.428537037037037 0.015645833333333314 0.03936111111111115
1 0.8697447916666666 0.37133333333333335 0.019229166666666585 0.0351851851851852
1 0.9612447916666665 0.40269444444444447 0.017604166666666643 0.045981481481481505
1 0.3689895833333333 0.4369259259259259 0.019203124999999942 0.04067592592592588