1 0.06897916666666666 0.6637407407407407 0.031130208333333333 0.0636851851851852
1 0.05513541666666666 0.4597222222222222 0.02024999999999999 0.045499999999999985
1 0.013296875 0.6101481481481481 0.02659375 0.038537037037036884
1 0.2760520833333333 0.43008333333333326 0.014078124999999986 0.03481481481481489
1 0.3052083333333333 0.4746574074074074 0.018869791666666646 0.03521296296296299
1 0.39593229166666666 0.44731481481481483 0.012416666666666654 0.030194444444444458
1 0.5098645833333333 0.49860185185185185 0.011489583333333364 0.04200925925925911
1 0.399484375 0.5623055555555555 0.023661458333333395 0.04885185185185179
1 0.62709375 0.5731296296296295 0.022744791666666764 0.05194444444444441
1 0.6460885416666666 0.4490833333333333 0.014921875000000107 0.03299074074074074
1 0.705828125 0.4711944444444444 0.016135416666666735 0.042370370370370364
1 0.8074166666666667 0.5282037037037037 0.016953125000000124 0.03849999999999988
1 0.35194270833333335 0.5330648148148148 0.016390625000000013 0.043712962962962995
1 0.43520312499999997 0.4772407407407407 0.012255208333333378 0.03412037037037029