2 0.12109375 0.7729805013927576 0.0328125 0.0807799442896936
2 0.084375 0.5682451253481894 0.01875 0.04178272980501393
2 0.08046875 0.6155988857938719 0.0265625 0.05013927576601671
2 0.13046875 0.6977715877437326 0.028125 0.06128133704735376
2 0.3296875 0.46935933147632314 0.0203125 0.04178272980501393
2 0.384375 0.5027855153203342 0.0234375 0.05013927576601671
2 0.45390625 0.552924791086351 0.0234375 0.04735376044568245
2 0.49921875 0.5738161559888579 0.0296875 0.0584958217270195
2 0.475 0.43454038997214484 0.0171875 0.036211699164345405
2 0.52578125 0.4637883008356546 0.0203125 0.03899721448467967
2 0.61640625 0.4763231197771588 0.01875 0.052924791086350974
2 0.69453125 0.48885793871866295 0.0234375 0.06128133704735376
2 0.753125 0.35236768802228413 0.0203125 0.04456824512534819
2 0.83359375 0.3161559888579387 0.0171875 0.03899721448467967
2 0.83046875 0.38997214484679665 0.0203125 0.05013927576601671
2 0.934375 0.33008356545961004 0.0171875 0.03899721448467967
2 0.965625 0.383008356545961 0.0234375 0.05013927576601671