1 0.08922395833333333 0.5956759259259259 0.03104166666666667 0.0635925925925927
1 0.048916666666666664 0.544074074074074 0.020411458333333334 0.04569444444444441
1 0.033171874999999997 0.4562314814814815 0.020848958333333334 0.047138888888888966
1 0.07916145833333334 0.41654629629629625 0.017562500000000016 0.027370370370370267
1 0.29956249999999995 0.3630648148148148 0.013760416666666674 0.03317592592592595
1 0.3380260416666666 0.40831481481481485 0.01622395833333341 0.038972222222222304
1 0.3784739583333333 0.47262962962962957 0.016598958333333247 0.03482407407407414
1 0.42628645833333334 0.499962962962963 0.022677083333333313 0.04774074074074074
1 0.4638281249999999 0.4131851851851852 0.014338541666666593 0.03432407407407412
1 0.5102291666666666 0.44177777777777777 0.013619791666666714 0.0371018518518519
1 0.600125 0.47405555555555556 0.023843750000000163 0.0444907407407407
1 0.6727187499999999 0.38108333333333333 0.015718749999999913 0.03672222222222214
1 0.7315989583333333 0.4130462962962963 0.01715625000000003 0.04331481481481474
1 0.8474114583333332 0.48795370370370367 0.020505208333333157 0.027981481481481454
1 0.8787239583333333 0.4131296296296296 0.018156250000000186 0.03559259259259259
1 0.9785104166666667 0.46312037037037046 0.022567708333333415 0.04032407407407403
1 0.42124999999999996 0.38481481481481483 0.015812500000000007 0.029509259259259263