3 0.02421875 0.6908077994428969 0.0328125 0.07242339832869081
3 0.02734375 0.616991643454039 0.021875 0.052924791086350974
3 0.24140625 0.39415041782729804 0.0171875 0.03064066852367688
3 0.290625 0.4331476323119777 0.0234375 0.03899721448467967
3 0.353125 0.49164345403899723 0.021875 0.036211699164345405
3 0.41015625 0.5027855153203342 0.0234375 0.06128133704735376
3 0.43515625 0.4136490250696379 0.01875 0.036211699164345405
3 0.5859375 0.4428969359331476 0.0265625 0.05013927576601671
3 0.64921875 0.28690807799442897 0.0171875 0.03064066852367688
3 0.665625 0.3245125348189415 0.0234375 0.03899721448467967
3 0.74375 0.3467966573816156 0.0203125 0.05013927576601671
3 0.784375 0.3022284122562674 0.0203125 0.04178272980501393
3 0.85625 0.37186629526462395 0.0171875 0.04178272980501393
3 0.8796875 0.30362116991643456 0.021875 0.04735376044568245
3 0.9875 0.31754874651810583 0.0109375 0.04178272980501393