1 0.940625 0.7375 0.0390625 0.07222222222222222
1 0.984375 0.6888888888888889 0.0140625 0.04722222222222222
1 0.97578125 0.55 0.0234375 0.03333333333333333
1 0.75234375 0.41805555555555557 0.0171875 0.03333333333333333
1 0.70625 0.45 0.021875 0.044444444444444446
1 0.621875 0.39305555555555555 0.0171875 0.030555555555555555
1 0.60234375 0.5055555555555555 0.0328125 0.06388888888888888
1 0.42734375 0.4152777777777778 0.028125 0.06111111111111111
1 0.35546875 0.2972222222222222 0.01875 0.03333333333333333
1 0.29296875 0.30416666666666664 0.0203125 0.05
1 0.178125 0.3277777777777778 0.01875 0.041666666666666664
1 0.14609375 0.25 0.0203125 0.044444444444444446
1 0.04453125 0.2569444444444444 0.01875 0.044444444444444446
1 0.6578125 0.49583333333333335 0.021875 0.04722222222222222
1 0.52734375 0.4125 0.015625 0.04722222222222222