2 0.9890625 0.5306406685236769 0.021875 0.06963788300835655
2 0.996875 0.5919220055710307 0.00625 0.0807799442896936
2 0.76953125 0.415041782729805 0.0203125 0.04178272980501393
2 0.7265625 0.46935933147632314 0.021875 0.04456824512534819
2 0.665625 0.5515320334261838 0.0234375 0.04735376044568245
2 0.596875 0.6309192200557103 0.028125 0.06406685236768803
2 0.63203125 0.45403899721448465 0.0171875 0.036211699164345405
2 0.59375 0.4986072423398329 0.01875 0.03899721448467967
2 0.51328125 0.5487465181058496 0.015625 0.04735376044568245
2 0.4421875 0.6016713091922006 0.0234375 0.055710306406685235
2 0.396875 0.4986072423398329 0.01875 0.03899721448467967
2 0.36875 0.4735376044568245 0.0171875 0.033426183844011144
2 0.2921875 0.5111420612813371 0.015625 0.036211699164345405
2 0.20390625 0.5696378830083565 0.01875 0.03899721448467967
2 0.1828125 0.6364902506963789 0.0203125 0.04456824512534819
2 0.04453125 0.6476323119777159 0.0234375 0.04735376044568245