1 0.07646354166666666 0.6195925925925926 0.029531249999999988 0.06705555555555567
1 0.026875000000000003 0.5825648148148147 0.021531250000000002 0.04651851851851853
1 0.016921875 0.47876851851851854 0.01810416666666667 0.04943518518518523
1 0.035479166666666666 0.4382962962962963 0.018374999999999996 0.03436111111111113
1 0.2829427083333333 0.4059814814814814 0.014885416666666628 0.029138888888888916
1 0.31919270833333335 0.45087037037037037 0.01808333333333332 0.03758333333333341
1 0.36294791666666665 0.516898148148148 0.018109374999999962 0.038111111111111186
1 0.4261875 0.5292777777777777 0.016458333333333287 0.055685185185185226
1 0.4062708333333333 0.4276666666666666 0.011166666666666636 0.029787037037036945
1 0.4451666666666666 0.4519629629629629 0.015067708333333308 0.03536111111111116
1 0.5099739583333334 0.4706759259259259 0.01306770833333335 0.04289814814814814
1 0.630078125 0.5468518518518519 0.02152083333333348 0.04814814814814809
1 0.6549687499999999 0.4250185185185185 0.014166666666666572 0.033629629629629676
1 0.717671875 0.44932407407407404 0.015520833333333428 0.042796296296296374
1 0.8215885416666666 0.5065 0.014718750000000114 0.04210185185185193
1 0.8480520833333334 0.4522777777777778 0.018515625000000212 0.03504629629629632
1 0.9496770833333332 0.4901944444444444 0.015083333333333471 0.038555555555555544