3 0.9578125 0.49027777777777776 0.0265625 0.05277777777777778
3 0.91953125 0.6083333333333333 0.0265625 0.04722222222222222
3 0.9234375 0.6763888888888889 0.0421875 0.075
3 0.73125 0.39305555555555555 0.01875 0.041666666666666664
3 0.68984375 0.42916666666666664 0.0234375 0.044444444444444446
3 0.6234375 0.4666666666666667 0.0234375 0.03888888888888889
3 0.5828125 0.4847222222222222 0.028125 0.06388888888888888
3 0.55703125 0.39305555555555555 0.01875 0.03888888888888889
3 0.4078125 0.4166666666666667 0.0234375 0.05555555555555555
3 0.34921875 0.30416666666666664 0.021875 0.041666666666666664
3 0.26953125 0.3194444444444444 0.021875 0.05277777777777778
3 0.246875 0.26944444444444443 0.015625 0.03333333333333333
3 0.17265625 0.3333333333333333 0.0203125 0.044444444444444446
3 0.15390625 0.2722222222222222 0.0234375 0.044444444444444446
3 0.03671875 0.2791666666666667 0.01875 0.041666666666666664