0 0.060776041666666655 0.5594907407407407 0.028505208333333337 0.05550000000000005
0 0.021182291666666665 0.4304259259259259 0.01922916666666667 0.0404722222222222
0 0.04842708333333333 0.38286111111111104 0.017661458333333324 0.03684259259259256
0 0.07744791666666666 0.5072129629629629 0.018942708333333336 0.04700925925925929
0 0.27303645833333334 0.3552592592592593 0.015145833333333325 0.03112037037037041
0 0.31504166666666666 0.3985925925925926 0.01799999999999997 0.03253703703703697
0 0.37797916666666664 0.4518333333333333 0.016604166666666753 0.026888888888888907
0 0.41180208333333324 0.48323148148148143 0.01909375000000004 0.04940740740740732
0 0.4037760416666666 0.3708796296296296 0.015901041666666636 0.03245370370370367
0 0.43866145833333337 0.40109259259259256 0.01584374999999998 0.03220370370370362
0 0.5179895833333333 0.4358425925925925 0.014901041666666615 0.0371018518518519
0 0.5836979166666667 0.4612685185185185 0.018348958333333342 0.05107407407407404
0 0.6498229166666667 0.37106481481481474 0.016171875000000037 0.029935185185185276
0 0.7119583333333332 0.4072222222222222 0.01792708333333337 0.042129629629629683
0 0.7507916666666666 0.3760092592592592 0.01583333333333332 0.034287037037036956
0 0.8097239583333333 0.4573148148148148 0.01716145833333336 0.03928703703703699
0 0.8515312500000001 0.40097222222222223 0.017234374999999958 0.03602777777777769
0 0.9445833333333333 0.43737037037037035 0.01774479166666687 0.0356666666666666