2 0.00546875 0.4192200557103064 0.009375 0.036211699164345405
2 0.0203125 0.5626740947075209 0.0296875 0.055710306406685235
2 0.2390625 0.43175487465181056 0.0203125 0.03899721448467967
2 0.2828125 0.48467966573816157 0.025 0.052924791086350974
2 0.346875 0.5598885793871866 0.025 0.04456824512534819
2 0.4171875 0.6337047353760445 0.028125 0.07242339832869081
2 0.378125 0.4623955431754875 0.0171875 0.04178272980501393
2 0.41484375 0.5041782729805014 0.0203125 0.03899721448467967
2 0.50078125 0.552924791086351 0.015625 0.04735376044568245
2 0.5703125 0.5933147632311978 0.0234375 0.06685236768802229
2 0.6515625 0.4986072423398329 0.01875 0.04456824512534819
2 0.71953125 0.49303621169916434 0.0171875 0.04178272980501393
2 0.7046875 0.5626740947075209 0.01875 0.04456824512534819
2 0.80859375 0.5515320334261838 0.0171875 0.036211699164345405
2 0.83125 0.6142061281337048 0.01875 0.04456824512534819
2 0.9734375 0.6211699164345403 0.01875 0.04735376044568245
2 0.64296875 0.4568245125348189 0.0171875 0.03064066852367688