3 0.76796875 0.33565459610027853 0.015625 0.036211699164345405
3 0.73125 0.39136490250696376 0.021875 0.03899721448467967
3 0.6484375 0.3816155988857939 0.0171875 0.03064066852367688
3 0.65078125 0.5264623955431755 0.0296875 0.055710306406685235
3 0.52578125 0.5153203342618384 0.01875 0.04735376044568245
3 0.45390625 0.5766016713091922 0.0234375 0.052924791086350974
3 0.41015625 0.4832869080779944 0.0171875 0.03899721448467967
3 0.38125 0.4637883008356546 0.0171875 0.033426183844011144
3 0.3078125 0.5153203342618384 0.0171875 0.03064066852367688
3 0.30703125 0.575208913649025 0.01875 0.04178272980501393
3 0.21640625 0.5933147632311978 0.0234375 0.04178272980501393
3 0.21015625 0.6573816155988857 0.01875 0.04456824512534819
3 0.06796875 0.7019498607242339 0.0203125 0.04178272980501393