2 0.0171875 0.6100278551532033 0.03125 0.07242339832869081
2 0.0234375 0.5334261838440112 0.028125 0.0584958217270195
2 0.228125 0.35097493036211697 0.01875 0.04178272980501393
2 0.27890625 0.38997214484679665 0.021875 0.04735376044568245
2 0.34609375 0.44707520891364905 0.0234375 0.052924791086350974
2 0.37109375 0.3412256267409471 0.015625 0.036211699164345405
2 0.41171875 0.5013927576601671 0.03125 0.0584958217270195
2 0.409375 0.3746518105849582 0.01875 0.04178272980501393
2 0.49609375 0.39415041782729804 0.0140625 0.04735376044568245
2 0.5703125 0.43036211699164345 0.021875 0.06128133704735376
2 0.60859375 0.3147632311977716 0.015625 0.03899721448467967
2 0.6296875 0.2799442896935933 0.015625 0.03064066852367688
2 0.7125 0.3426183844011142 0.01875 0.04735376044568245
2 0.82890625 0.3788300835654596 0.021875 0.052924791086350974
2 0.8046875 0.3231197771587744 0.0203125 0.04178272980501393
2 0.97578125 0.3551532033426184 0.021875 0.05013927576601671
2 0.7078125 0.28690807799442897 0.01875 0.033426183844011144