2 0.03671875 0.2799442896935933 0.040625 0.08356545961002786
2 0.06015625 0.2116991643454039 0.034375 0.06685236768802229
2 0.04296875 0.10584958217270195 0.0125 0.05013927576601671
2 0.05234375 0.0584958217270195 0.0171875 0.052924791086350974
2 0.2984375 0.15459610027855153 0.0203125 0.04456824512534819
2 0.34453125 0.22284122562674094 0.025 0.052924791086350974
2 0.3984375 0.3231197771587744 0.0296875 0.0584958217270195
2 0.4625 0.4275766016713092 0.034375 0.07520891364902507
2 0.44296875 0.233983286908078 0.01875 0.04456824512534819
2 0.478125 0.29108635097493035 0.0234375 0.04735376044568245
2 0.5578125 0.3732590529247911 0.0203125 0.052924791086350974
2 0.62578125 0.4428969359331476 0.028125 0.06128133704735376
2 0.6828125 0.34540389972144847 0.021875 0.05013927576601671
2 0.71015625 0.32590529247910865 0.0203125 0.03899721448467967
2 0.77890625 0.42896935933147634 0.0234375 0.055710306406685235
2 0.78515625 0.383008356545961 0.0203125 0.036211699164345405
2 0.87109375 0.467966573816156 0.0203125 0.04178272980501393
2 0.88515625 0.5389972144846796 0.0234375 0.052924791086350974