3 0.94765625 0.6337047353760445 0.0359375 0.06685236768802229
3 0.940625 0.564066852367688 0.0203125 0.05013927576601671
3 0.98984375 0.4818941504178273 0.0203125 0.04456824512534819
3 0.97578125 0.435933147632312 0.0203125 0.04178272980501393
3 0.73359375 0.36629526462395545 0.0171875 0.027855153203342618
3 0.68828125 0.4052924791086351 0.0203125 0.036211699164345405
3 0.6296875 0.46518105849582175 0.0203125 0.033426183844011144
3 0.57578125 0.479108635097493 0.021875 0.0584958217270195
3 0.55078125 0.3969359331476323 0.0171875 0.033426183844011144
3 0.4078125 0.43175487465181056 0.0234375 0.04735376044568245
3 0.34609375 0.2883008356545961 0.015625 0.027855153203342618
3 0.33046875 0.3245125348189415 0.021875 0.036211699164345405
3 0.25703125 0.34958217270194986 0.01875 0.04735376044568245
3 0.21796875 0.31058495821727017 0.01875 0.03899721448467967
3 0.1515625 0.3802228412256267 0.015625 0.03899721448467967
3 0.12734375 0.31754874651810583 0.0203125 0.04178272980501393
3 0.0203125 0.3370473537604457 0.01875 0.04178272980501393