3 0.96953125 0.5515320334261838 0.028125 0.055710306406685235
3 0.92578125 0.6657381615598886 0.028125 0.05013927576601671
3 0.9265625 0.7367688022284122 0.0453125 0.07799442896935933
3 0.74296875 0.4233983286908078 0.0203125 0.04178272980501393
3 0.7 0.4554317548746518 0.025 0.04456824512534819
3 0.63046875 0.48467966573816157 0.025 0.04178272980501393
3 0.5890625 0.4972144846796657 0.0296875 0.06685236768802229
3 0.56640625 0.4011142061281337 0.0203125 0.03899721448467967
3 0.41484375 0.4052924791086351 0.0265625 0.0584958217270195
3 0.359375 0.2841225626740947 0.0234375 0.04456824512534819
3 0.278125 0.29108635097493035 0.0234375 0.052924791086350974
3 0.2578125 0.23676880222841226 0.0171875 0.036211699164345405
3 0.17890625 0.2924791086350975 0.021875 0.04735376044568245
3 0.1625 0.22701949860724233 0.025 0.04735376044568245
3 0.04375 0.2200557103064067 0.0203125 0.04456824512534819