2 0.05575 0.6374814814814815 0.030322916666666665 0.056555555555555435
2 0.06677604166666666 0.4538425925925926 0.01946874999999999 0.03253703703703697
2 0.061484374999999994 0.5020185185185184 0.02226041666666667 0.04629629629629635
2 0.09131770833333333 0.5811481481481481 0.025015625000000007 0.047324074074073984
2 0.28500000000000003 0.4386018518518518 0.016796875 0.03457407407407405
2 0.3268020833333333 0.48089814814814813 0.021380208333333338 0.04581481481481483
2 0.38736979166666663 0.542787037037037 0.02084895833333329 0.036722222222222295
2 0.45403125 0.6008518518518517 0.023781250000000042 0.06275925925925918
2 0.41234374999999995 0.4498703703703703 0.014885416666666628 0.03666666666666663
2 0.4473541666666666 0.48377777777777775 0.01780208333333331 0.03325000000000008
2 0.5270052083333334 0.518787037037037 0.012921874999999972 0.04236111111111111
2 0.5915885416666666 0.5476388888888889 0.019692708333333364 0.057851851851851814
2 0.6620989583333333 0.4518888888888889 0.016171875000000037 0.03846296296296288
2 0.7236197916666666 0.4396666666666666 0.013817708333333378 0.03557407407407409
2 0.712375 0.5047037037037037 0.015500000000000114 0.0382407407407407
2 0.8062552083333333 0.48223148148148137 0.014703125000000039 0.03137962962962967
2 0.8293020833333333 0.536425925925926 0.016067708333333285 0.03958333333333333
2 0.9588749999999999 0.5266944444444445 0.015281249999999958 0.04053703703703696
2 0.6526302083333333 0.41504629629629625 0.01456770833333323 0.026833333333333403