1 0.02578125 0.5821727019498607 0.01875 0.04178272980501393
1 0.0125 0.6239554317548747 0.0203125 0.052924791086350974
1 0.03046875 0.7256267409470752 0.025 0.04735376044568245
1 0.0765625 0.7715877437325905 0.0359375 0.06128133704735376
1 0.2703125 0.4735376044568245 0.0171875 0.036211699164345405
1 0.30625 0.5097493036211699 0.0234375 0.04178272980501393
1 0.4015625 0.564066852367688 0.0296875 0.052924791086350974
1 0.39453125 0.4554317548746518 0.0140625 0.03064066852367688
1 0.4828125 0.4832869080779944 0.015625 0.03899721448467967
1 0.57890625 0.48885793871866295 0.0296875 0.052924791086350974
1 0.6421875 0.383008356545961 0.0171875 0.04178272980501393
1 0.70859375 0.38857938718662954 0.01875 0.04735376044568245
1 0.8453125 0.35236768802228413 0.021875 0.04178272980501393
1 0.94375 0.35097493036211697 0.0203125 0.04456824512534819
1 0.35703125 0.5557103064066853 0.021875 0.04178272980501393
1 0.4359375 0.46935933147632314 0.015625 0.04178272980501393
1 0.8140625 0.41086350974930363 0.0203125 0.05013927576601671