0 0.0703125 0.5222841225626741 0.03125 0.06963788300835655
0 0.096875 0.46935933147632314 0.021875 0.055710306406685235
0 0.04609375 0.37604456824512533 0.025 0.055710306406685235
0 0.07265625 0.3245125348189415 0.021875 0.03899721448467967
0 0.31953125 0.36908077994428967 0.0171875 0.036211699164345405
0 0.3484375 0.41086350974930363 0.0203125 0.04178272980501393
0 0.43671875 0.4052924791086351 0.015625 0.033426183844011144
0 0.42734375 0.5376044568245125 0.0296875 0.0584958217270195
0 0.55859375 0.5111420612813371 0.01875 0.05013927576601671
0 0.62109375 0.5515320334261838 0.021875 0.052924791086350974
0 0.8609375 0.6100278551532033 0.0203125 0.04456824512534819
0 0.696875 0.479108635097493 0.01875 0.036211699164345405
0 0.76640625 0.532033426183844 0.01875 0.04456824512534819
0 0.79453125 0.5041782729805014 0.01875 0.033426183844011144
0 0.4796875 0.44986072423398327 0.015625 0.04456824512534819