3 0.0890625 0.49166666666666664 0.0125 0.03888888888888889
3 0.10390625 0.6763888888888889 0.0328125 0.058333333333333334
3 0.29375 0.45416666666666666 0.015625 0.030555555555555555
3 0.3546875 0.49444444444444446 0.0234375 0.03888888888888889
3 0.46484375 0.5694444444444444 0.025 0.06666666666666667
3 0.48671875 0.49583333333333335 0.021875 0.03888888888888889
3 0.6390625 0.5361111111111111 0.021875 0.05
3 0.70234375 0.44305555555555554 0.01875 0.03888888888888889
3 0.7734375 0.4652777777777778 0.01875 0.041666666666666664
3 0.884375 0.5125 0.0203125 0.03888888888888889
3 0.815625 0.4305555555555556 0.01875 0.03333333333333333
3 0.9203125 0.4527777777777778 0.021875 0.041666666666666664