0 0.01328125 0.6420612813370473 0.021875 0.07520891364902507
0 0.24140625 0.3788300835654596 0.0203125 0.03899721448467967
0 0.28984375 0.4220055710306407 0.0234375 0.036211699164345405
0 0.36484375 0.4735376044568245 0.0234375 0.04178272980501393
0 0.40546875 0.5041782729805014 0.0234375 0.06128133704735376
0 0.3890625 0.3788300835654596 0.01875 0.033426183844011144
0 0.43203125 0.4025069637883008 0.0203125 0.03899721448467967
0 0.51796875 0.4220055710306407 0.0171875 0.05013927576601671
0 0.6 0.45403899721448465 0.0234375 0.0584958217270195
0 0.6765625 0.34958217270194986 0.01875 0.036211699164345405
0 0.7453125 0.3732590529247911 0.0203125 0.055710306406685235
0 0.86171875 0.4206128133704735 0.01875 0.04735376044568245
0 0.78671875 0.3398328690807799 0.0203125 0.03064066852367688
0 0.90546875 0.34818941504178275 0.021875 0.04178272980501393
0 0.66015625 0.30362116991643456 0.0171875 0.027855153203342618
0 0.02265625 0.5779944289693594 0.025 0.06406685236768803