3 0.04817708333333333 0.5313703703703704 0.030671874999999987 0.0595277777777778
3 0.05771875 0.4667037037037037 0.016598958333333337 0.04365740740740733
3 0.013510416666666669 0.3820462962962963 0.019635416666666666 0.03916666666666657
3 0.03047916666666667 0.3414351851851852 0.0166875 0.037351851851851865
3 0.261015625 0.3116759259259259 0.014515624999999944 0.023564814814814858
3 0.3022708333333333 0.3552222222222222 0.01829166666666664 0.03148148148148147
3 0.35439583333333335 0.418824074074074 0.018244791666666683 0.02971296296296294
3 0.40402604166666667 0.44013888888888886 0.017921875000000042 0.05229629629629626
3 0.4314010416666666 0.3665185185185185 0.014421875000000028 0.029416666666666636
3 0.563890625 0.4205925925925926 0.020812500000000077 0.04105555555555564
3 0.629046875 0.29474999999999996 0.013302083333333315 0.023518518518518525
3 0.6414635416666666 0.33117592592592593 0.0188229166666666 0.03150925925925926
3 0.7092447916666667 0.3659537037037037 0.01563541666666666 0.041722222222222174
3 0.7480625 0.3345462962962963 0.016552083333333377 0.034129629629629614
3 0.8074791666666666 0.41036111111111107 0.0128541666666667 0.03453703703703705
3 0.8328749999999999 0.35455555555555557 0.01758854166666666 0.037990740740740686
3 0.932640625 0.38876851851851846 0.01657291666666687 0.037175925925925904