1 0.9140625 0.6671309192200557 0.034375 0.06963788300835655
1 0.9765625 0.6225626740947076 0.0265625 0.052924791086350974
1 0.98984375 0.5125348189415042 0.0203125 0.055710306406685235
1 0.94609375 0.45264623955431754 0.028125 0.04735376044568245
1 0.71171875 0.39136490250696376 0.01875 0.03899721448467967
1 0.66875 0.4373259052924791 0.021875 0.04456824512534819
1 0.5515625 0.49303621169916434 0.021875 0.06128133704735376
1 0.575 0.38579387186629527 0.0125 0.036211699164345405
1 0.4625 0.43036211699164345 0.021875 0.04735376044568245
1 0.36953125 0.47493036211699163 0.025 0.04735376044568245
1 0.3203125 0.33565459610027853 0.01875 0.04178272980501393
1 0.2328125 0.37186629526462395 0.01875 0.04456824512534819
1 0.115625 0.403899721448468 0.0234375 0.05013927576601671
1 0.0734375 0.362116991643454 0.0234375 0.03899721448467967
1 0.5265625 0.403899721448468 0.0171875 0.04456824512534819