0 0.09765625 0.6740947075208914 0.0265625 0.06406685236768803
0 0.0875 0.49025069637883006 0.01875 0.04178272980501393
0 0.06015625 0.5431754874651811 0.01875 0.05013927576601671
0 0.32109375 0.45403899721448465 0.015625 0.033426183844011144
0 0.3546875 0.4958217270194986 0.01875 0.03899721448467967
0 0.4421875 0.5863509749303621 0.028125 0.05013927576601671
0 0.43984375 0.4568245125348189 0.015625 0.03899721448467967
0 0.4765625 0.4958217270194986 0.01875 0.03064066852367688
0 0.55546875 0.5139275766016713 0.0171875 0.04456824512534819
0 0.6296875 0.5459610027855153 0.0203125 0.05013927576601671
0 0.70078125 0.45403899721448465 0.015625 0.027855153203342618
0 0.76875 0.4818941504178273 0.015625 0.04456824512534819
0 0.9109375 0.47075208913649025 0.01875 0.033426183844011144
0 0.86796875 0.532033426183844 0.01875 0.036211699164345405
0 0.80078125 0.45125348189415043 0.0171875 0.027855153203342618