3 0.06691666666666665 0.3454907407407407 0.02193750000000001 0.04395370370370372
3 0.09266145833333332 0.4706944444444444 0.022583333333333344 0.038740740740740714
3 0.08216666666666665 0.5349722222222222 0.03546875000000001 0.06238888888888899
3 0.29391145833333326 0.32087037037037036 0.014588541666666632 0.03562962962962967
3 0.3299010416666667 0.3674166666666666 0.018802083333333285 0.03689814814814818
3 0.39021354166666666 0.4240833333333333 0.01939062500000004 0.03236111111111121
3 0.42742708333333324 0.4528055555555555 0.021739583333333277 0.05748148148148147
3 0.4607916666666666 0.372824074074074 0.015421875000000007 0.032703703703703804
3 0.601609375 0.4397314814814815 0.018921875000000022 0.0496574074074074
3 0.66840625 0.3497222222222222 0.017317708333333393 0.0365833333333333
3 0.7431770833333333 0.38895370370370363 0.01677083333333318 0.04606481481481476
3 0.769640625 0.34734259259259254 0.012687500000000008 0.029824074074074107
3 0.8352656249999999 0.4311296296296296 0.015854166666666815 0.03937962962962966
3 0.859015625 0.37820370370370365 0.019374999999999788 0.03913888888888882
3 0.9703958333333332 0.42033333333333334 0.015604166666666686 0.036564814814814876