0 0.88515625 0.8467966573816156 0.034375 0.06685236768802229
0 0.940625 0.7284122562674095 0.025 0.04735376044568245
0 0.9171875 0.6643454038997214 0.01875 0.03064066852367688
0 0.6859375 0.5334261838440112 0.0171875 0.03899721448467967
0 0.64921875 0.5612813370473537 0.0234375 0.04178272980501393
0 0.54765625 0.616991643454039 0.03125 0.06128133704735376
0 0.56640625 0.4860724233983287 0.0171875 0.036211699164345405
0 0.51796875 0.5027855153203342 0.0203125 0.03899721448467967
0 0.43125 0.5041782729805014 0.0171875 0.04456824512534819
0 0.359375 0.4986072423398329 0.028125 0.05013927576601671
0 0.303125 0.383008356545961 0.01875 0.033426183844011144
0 0.08671875 0.31058495821727017 0.0234375 0.04735376044568245
0 0.22578125 0.38440111420612816 0.01875 0.04735376044568245
0 0.3171875 0.3370473537604457 0.015625 0.025069637883008356