1 0.00859375 0.5766016713091922 0.0171875 0.05013927576601671
1 0.01796875 0.7284122562674095 0.0109375 0.04735376044568245
1 0.05703125 0.7771587743732591 0.040625 0.07799442896935933
1 0.29921875 0.5055710306406686 0.021875 0.05013927576601671
1 0.38671875 0.4623955431754875 0.015625 0.036211699164345405
1 0.3484375 0.5612813370473537 0.0234375 0.05013927576601671
1 0.39375 0.5654596100278552 0.03125 0.06685236768802229
1 0.4296875 0.4763231197771588 0.0203125 0.03899721448467967
1 0.47734375 0.49442896935933145 0.015625 0.04178272980501393
1 0.628125 0.5194986072423399 0.025 0.0584958217270195
1 0.6421875 0.39136490250696376 0.01875 0.036211699164345405
1 0.70859375 0.3955431754874652 0.021875 0.05013927576601671
1 0.81875 0.42618384401114207 0.0171875 0.04178272980501393
1 0.8484375 0.3649025069637883 0.0203125 0.04735376044568245