3 0.20234375 0.5501392757660167 0.0203125 0.04456824512534819
3 0.25625 0.5710306406685237 0.025 0.04735376044568245
3 0.371875 0.6337047353760445 0.03125 0.06128133704735376
3 0.478125 0.5013927576601671 0.0203125 0.04735376044568245
3 0.5703125 0.5139275766016713 0.0265625 0.052924791086350974
3 0.58828125 0.3816155988857939 0.0203125 0.03899721448467967
3 0.6078125 0.3328690807799443 0.0203125 0.036211699164345405
3 0.71171875 0.36629526462395545 0.025 0.052924791086350974
3 0.828125 0.36768802228412256 0.0265625 0.052924791086350974
3 0.80625 0.27715877437325903 0.01875 0.04178272980501393
3 0.975 0.27715877437325903 0.021875 0.04735376044568245