2 0.95 0.4568245125348189 0.0359375 0.0807799442896936
2 0.92578125 0.3969359331476323 0.03125 0.06406685236768803
2 0.94921875 0.29526462395543174 0.0296875 0.06406685236768803
2 0.70625 0.32729805013927576 0.01875 0.036211699164345405
2 0.665625 0.38440111420612816 0.025 0.05013927576601671
2 0.61875 0.47493036211699163 0.025 0.05013927576601671
2 0.58046875 0.520891364902507 0.0296875 0.0584958217270195
2 0.5734375 0.38579387186629527 0.0171875 0.03899721448467967
2 0.54375 0.4206128133704735 0.01875 0.03899721448467967
2 0.4609375 0.5111420612813371 0.01875 0.05013927576601671
2 0.39921875 0.5710306406685237 0.0265625 0.055710306406685235
2 0.32421875 0.4860724233983287 0.01875 0.04456824512534819
2 0.24453125 0.5055710306406686 0.0171875 0.033426183844011144
2 0.2625 0.5654596100278552 0.0203125 0.04735376044568245
2 0.14375 0.6434540389972145 0.025 0.052924791086350974
2 0.16171875 0.5821727019498607 0.021875 0.04456824512534819
2 0.01484375 0.6852367688022284 0.0125 0.05013927576601671