1 0.031796874999999995 0.4343518518518519 0.015442708333333333 0.037203703703703656
1 0.013494791666666667 0.47112037037037036 0.016984374999999996 0.047768518518518495
1 0.022489583333333334 0.5763888888888888 0.020906249999999998 0.041425925925925984
1 0.06252604166666667 0.6341388888888889 0.03169270833333333 0.052212962962963
1 0.2799583333333333 0.40399999999999997 0.01395312500000001 0.03125
1 0.31178125 0.4504444444444444 0.01977604166666671 0.034490740740740794
1 0.39970833333333333 0.5315 0.024895833333333294 0.0463611111111111
1 0.40277604166666664 0.4238518518518518 0.011791666666666733 0.026805555555555652
1 0.4865260416666667 0.4777407407407408 0.01128645833333337 0.03686111111111106
1 0.5794010416666666 0.5135185185185185 0.025083333333333256 0.044601851851851865
1 0.6516666666666666 0.4291296296296296 0.013562499999999922 0.03739814814814808
1 0.7152760416666666 0.4549722222222222 0.015255208333333315 0.04233333333333336
1 0.8522552083333332 0.46200925925925923 0.018703125000000043 0.036546296296296375
1 0.9484895833333333 0.49046296296296293 0.016598958333333157 0.03837962962962962
1 0.3567864583333333 0.5100370370370371 0.01785416666666668 0.0375555555555555
1 0.442171875 0.4508333333333333 0.01274999999999995 0.037185185185185154
1 0.8163177083333333 0.5089444444444443 0.015885416666666784 0.04540740740740732