3 0.050786458333333326 0.5361666666666666 0.029276041666666662 0.057620370370370384
3 0.06037499999999999 0.4617685185185184 0.016239583333333328 0.042796296296296214
3 0.02611458333333333 0.37505555555555553 0.017140625 0.044972222222222254
3 0.03685416666666667 0.32996296296296296 0.02136979166666666 0.04198148148148151
3 0.2679114583333333 0.3092685185185185 0.012895833333333329 0.03221296296296296
3 0.30251041666666667 0.3493611111111111 0.01973437500000008 0.03010185185185187
3 0.38869791666666664 0.45062037037037034 0.02355729166666669 0.0466851851851852
3 0.4960833333333333 0.38165740740740733 0.019286458333333378 0.041537037037037
3 0.5634114583333333 0.41569444444444437 0.02371354166666677 0.04676851851851846
3 0.6405364583333333 0.32617592592592587 0.017317708333333393 0.0358240740740741
3 0.6335625 0.2861666666666667 0.01306770833333335 0.022981481481481502
3 0.7045989583333332 0.3518518518518518 0.013963541666666579 0.039314814814814865
3 0.7465989583333333 0.32217592592592587 0.014416666666666522 0.03333333333333333
3 0.8076979166666666 0.4004537037037037 0.012802083333333414 0.032685185185185144
3 0.8304947916666666 0.35200925925925924 0.017364583333333527 0.03772222222222222
3 0.9325364583333332 0.3878981481481481 0.019906250000000014 0.035648148148148096