0 0.06640625 0.6323119777158774 0.0296875 0.06128133704735376
0 0.02578125 0.49303621169916434 0.021875 0.04735376044568245
0 0.046875 0.4428969359331476 0.01875 0.03899721448467967
0 0.29296875 0.41643454038997213 0.015625 0.033426183844011144
0 0.325 0.4637883008356546 0.01875 0.036211699164345405
0 0.41171875 0.4233983286908078 0.0140625 0.027855153203342618
0 0.5390625 0.5 0.0125 0.04178272980501393
0 0.6046875 0.5264623955431755 0.015625 0.052924791086350974
0 0.671875 0.435933147632312 0.015625 0.027855153203342618
0 0.6640625 0.38997214484679665 0.0125 0.022284122562674095
0 0.84375 0.520891364902507 0.0140625 0.036211699164345405
0 0.975 0.48885793871866295 0.0140625 0.04735376044568245
0 0.74453125 0.467966573816156 0.015625 0.03899721448467967