0 0.06151041666666666 0.5582870370370371 0.029901041666666673 0.06319444444444444
0 0.01934375 0.4251296296296296 0.021328124999999996 0.045499999999999985
0 0.05110937499999999 0.3827407407407407 0.0168125 0.03453703703703705
0 0.2747708333333333 0.3547222222222222 0.016015625 0.03287962962962965
0 0.31505208333333334 0.3980555555555555 0.01953645833333333 0.029055555555555498
0 0.3784895833333334 0.4507129629629629 0.01882291666666669 0.03485185185185189
0 0.4131927083333333 0.4808333333333332 0.01814062500000002 0.050064814814814756
0 0.40289062499999995 0.3712222222222222 0.015874999999999993 0.027611111111111104
0 0.4396197916666667 0.3958703703703703 0.016541666666666722 0.0319907407407407
0 0.5133020833333333 0.42268518518518516 0.013744791666666778 0.04206481481481477
0 0.5838125 0.4593981481481481 0.01896354166666665 0.0496388888888889
0 0.6535781249999999 0.37681481481481477 0.014885416666666628 0.028888888888888985
0 0.7127083333333333 0.40476851851851847 0.01626041666666662 0.04656481481481478
0 0.812359375 0.4577962962962963 0.015187500000000043 0.03829629629629636
0 0.7500729166666666 0.3806574074074074 0.016041666666666822 0.025851851851851865
0 0.8528697916666665 0.4006296296296296 0.017364583333333527 0.03351851851851851
0 0.9462343749999998 0.43142592592592593 0.016005208333333344 0.04173148148148158
0 0.6410729166666667 0.33482407407407405 0.013895833333333307 0.02271296296296291
0 0.07808854166666666 0.503824074074074 0.02019791666666666 0.052240740740740754