3 0.07608854166666666 0.6696481481481481 0.03170312500000001 0.05151851851851856
3 0.05698958333333333 0.4828981481481481 0.016588541666666658 0.03556481481481484
3 0.266078125 0.4485462962962963 0.015890625000000026 0.030907407407407404
3 0.328921875 0.49761111111111106 0.015739583333333317 0.03256481481481488
3 0.37559895833333334 0.5520925925925926 0.021661458333333262 0.0381851851851852
3 0.42453124999999997 0.5794814814814815 0.022296874999999973 0.04593518518518509
3 0.5225520833333333 0.5293703703703704 0.01900520833333328 0.03739814814814824
3 0.5932187499999999 0.5579537037037038 0.020588541666666772 0.0474999999999999
3 0.6596562499999999 0.4629537037037037 0.016786458333333344 0.0345833333333333
3 0.7432395833333333 0.4531666666666666 0.016572916666666694 0.02843518518518522
3 0.7330260416666666 0.5049166666666666 0.017062500000000112 0.03862037037037046
3 0.8217708333333332 0.544212962962963 0.016890624999999916 0.045064814814814884
3 0.8325989583333332 0.4737314814814815 0.019510416666666686 0.032944444444444484
3 0.9526041666666666 0.5276759259259258 0.015911458333333427 0.0357407407407406