3 0.9296875 0.8760445682451253 0.040625 0.07520891364902507
3 0.93828125 0.7938718662952646 0.03125 0.05013927576601671
3 0.71171875 0.5515320334261838 0.0171875 0.03899721448467967
3 0.66328125 0.5724233983286908 0.0234375 0.04178272980501393
3 0.58828125 0.4972144846796657 0.01875 0.033426183844011144
3 0.553125 0.6337047353760445 0.03125 0.0584958217270195
3 0.43828125 0.520891364902507 0.0203125 0.05013927576601671
3 0.35546875 0.520891364902507 0.025 0.055710306406685235
3 0.33828125 0.3983286908077994 0.01875 0.04178272980501393
3 0.31640625 0.3551532033426184 0.01875 0.036211699164345405
3 0.23359375 0.3426183844011142 0.0171875 0.03064066852367688
3 0.21796875 0.3997214484679666 0.0203125 0.04178272980501393
3 0.128125 0.3426183844011142 0.025 0.04456824512534819
3 0.10546875 0.3969359331476323 0.0203125 0.04735376044568245