1 0.08046875 0.5111420612813371 0.0375 0.07242339832869081
1 0.04375 0.44846796657381616 0.025 0.052924791086350974
1 0.034375 0.35376044568245124 0.025 0.052924791086350974
1 0.08515625 0.32590529247910865 0.0203125 0.033426183844011144
1 0.31484375 0.32729805013927576 0.0171875 0.036211699164345405
1 0.35 0.383008356545961 0.0203125 0.04456824512534819
1 0.3859375 0.4596100278551532 0.0203125 0.03899721448467967
1 0.4328125 0.5 0.0265625 0.055710306406685235
1 0.478125 0.4206128133704735 0.0171875 0.03899721448467967
1 0.5234375 0.4623955431754875 0.0171875 0.04178272980501393
1 0.6125 0.5181058495821727 0.028125 0.052924791086350974
1 0.69453125 0.4415041782729805 0.01875 0.04178272980501393
1 0.75234375 0.48885793871866295 0.0203125 0.05013927576601671
1 0.8640625 0.596100278551532 0.0234375 0.033426183844011144
1 0.90234375 0.5264623955431755 0.021875 0.04178272980501393
1 0.9921875 0.5988857938718662 0.0125 0.04178272980501393
1 0.43671875 0.3802228412256267 0.01875 0.033426183844011144