3 0.08330208333333333 0.6269259259259259 0.027703124999999985 0.04949074074074073
3 0.2949895833333333 0.4223055555555555 0.013015624999999975 0.03279629629629631
3 0.3369739583333333 0.46159259259259255 0.017104166666666653 0.03389814814814811
3 0.42553124999999997 0.5589537037037036 0.021145833333333287 0.04500925925925922
3 0.5298802083333333 0.49152777777777773 0.012098958333333344 0.03509259259259257
3 0.6049687499999999 0.537962962962963 0.018161458333333335 0.03747222222222225
3 0.6363177083333333 0.43513888888888885 0.013791666666666735 0.029101851851851754
3 0.6589479166666667 0.4036759259259259 0.013369791666666764 0.026990740740740666
3 0.7405468749999999 0.4720648148148148 0.016755208333333372 0.039638888888888994
3 0.8371927083333333 0.519361111111111 0.01808333333333323 0.038981481481481395
3 0.8304739583333334 0.43610185185185185 0.012401041666666756 0.03202777777777786
3 0.9706614583333334 0.5027222222222223 0.01428645833333313 0.03513888888888898