0 0.21953125 0.2827298050139276 0.01875 0.03899721448467967
0 0.24921875 0.35097493036211697 0.0234375 0.04178272980501393
0 0.3078125 0.4387186629526462 0.0203125 0.03899721448467967
0 0.3390625 0.49164345403899723 0.028125 0.0584958217270195
0 0.34296875 0.34958217270194986 0.021875 0.04456824512534819
0 0.46796875 0.5013927576601671 0.0203125 0.052924791086350974
0 0.52734375 0.552924791086351 0.0296875 0.06128133704735376
0 0.61484375 0.49442896935933145 0.0203125 0.03899721448467967
0 0.68125 0.5584958217270195 0.021875 0.052924791086350974
0 0.82734375 0.6183844011142061 0.021875 0.04456824512534819
0 0.925 0.7019498607242339 0.0234375 0.04735376044568245
0 0.7765625 0.6601671309192201 0.0234375 0.052924791086350974