2 0.946875 0.6545961002785515 0.028125 0.07242339832869081
2 0.93046875 0.5877437325905293 0.025 0.055710306406685235
2 0.965625 0.4958217270194986 0.025 0.055710306406685235
2 0.72265625 0.435933147632312 0.015625 0.033426183844011144
2 0.67578125 0.479108635097493 0.0203125 0.04456824512534819
2 0.61875 0.5501392757660167 0.0203125 0.04178272980501393
2 0.57578125 0.5793871866295265 0.025 0.05013927576601671
2 0.58515625 0.44428969359331477 0.0140625 0.033426183844011144
2 0.5515625 0.467966573816156 0.015625 0.036211699164345405
2 0.459375 0.5264623955431755 0.0140625 0.04735376044568245
2 0.39140625 0.5612813370473537 0.021875 0.04735376044568245
2 0.32734375 0.45125348189415043 0.015625 0.03899721448467967
2 0.24609375 0.4401114206128134 0.0140625 0.03064066852367688
2 0.25703125 0.5055710306406686 0.0171875 0.04178272980501393
2 0.13125 0.5376044568245125 0.0203125 0.04735376044568245
2 0.15546875 0.4832869080779944 0.01875 0.03899721448467967