2 0.94296875 0.5069444444444444 0.0296875 0.06944444444444445
2 0.95234375 0.3472222222222222 0.0234375 0.044444444444444446
2 0.92421875 0.4388888888888889 0.025 0.05277777777777778
2 0.7203125 0.32916666666666666 0.0171875 0.03611111111111111
2 0.67578125 0.37916666666666665 0.01875 0.044444444444444446
2 0.62109375 0.4527777777777778 0.0203125 0.044444444444444446
2 0.56328125 0.5138888888888888 0.0265625 0.06111111111111111
2 0.58828125 0.35694444444444445 0.015625 0.03888888888888889
2 0.55546875 0.4041666666666667 0.01875 0.041666666666666664
2 0.47578125 0.45 0.015625 0.04722222222222222
2 0.41171875 0.49444444444444446 0.021875 0.05277777777777778
2 0.365625 0.39861111111111114 0.015625 0.03611111111111111
2 0.34296875 0.3736111111111111 0.0140625 0.025
2 0.27109375 0.4027777777777778 0.015625 0.027777777777777776
2 0.27265625 0.45 0.0171875 0.044444444444444446
2 0.18515625 0.4597222222222222 0.01875 0.03888888888888889
2 0.16640625 0.5166666666666667 0.0203125 0.044444444444444446
2 0.03046875 0.5319444444444444 0.0203125 0.041666666666666664