2 0.98515625 0.6267409470752089 0.025 0.06406685236768803
2 0.97578125 0.5334261838440112 0.0296875 0.06685236768802229
2 0.7578125 0.3328690807799443 0.01875 0.04178272980501393
2 0.70546875 0.37186629526462395 0.0234375 0.05013927576601671
2 0.6328125 0.43454038997214484 0.0234375 0.05013927576601671
2 0.55234375 0.4986072423398329 0.028125 0.06685236768802229
2 0.60546875 0.32590529247910865 0.0171875 0.04735376044568245
2 0.5609375 0.3593314763231198 0.021875 0.03899721448467967
2 0.471875 0.38579387186629527 0.015625 0.05013927576601671
2 0.39375 0.415041782729805 0.021875 0.0584958217270195
2 0.35546875 0.28690807799442897 0.015625 0.04456824512534819
2 0.334375 0.25348189415041783 0.01875 0.036211699164345405
2 0.25078125 0.2604456824512535 0.01875 0.027855153203342618
2 0.2453125 0.31197771587743733 0.0203125 0.052924791086350974
2 0.15234375 0.2924791086350975 0.0203125 0.04178272980501393
2 0.12578125 0.35376044568245124 0.0171875 0.05013927576601671