2 0.07581770833333332 0.5648703703703702 0.026510416666666668 0.06284259259259244
2 0.05935937499999999 0.4111759259259259 0.021078124999999993 0.04026851851851853
2 0.09045312499999998 0.49637037037037035 0.021776041666666655 0.047787037037036996
2 0.2832916666666666 0.3593333333333333 0.01463020833333326 0.033537037037037046
2 0.32878124999999997 0.4014722222222221 0.015947916666666638 0.04095370370370372
2 0.3856614583333333 0.46412962962962956 0.018234375000000025 0.040574074074074123
2 0.44425 0.5145 0.022755208333333422 0.05646296296296293
2 0.41308333333333336 0.36634259259259255 0.013395833333333407 0.03651851851851858
2 0.446859375 0.4072777777777778 0.01716145833333336 0.03803703703703702
2 0.5260208333333333 0.4396851851851852 0.012963541666666778 0.04434259259259253
2 0.5908177083333332 0.47303703703703703 0.01879166666666663 0.0482037037037036
2 0.6305208333333333 0.3723888888888889 0.01306770833333335 0.03349074074074076
2 0.6518749999999999 0.3449907407407407 0.012093749999999837 0.02361111111111111
2 0.7224062499999999 0.36304629629629626 0.014187499999999886 0.024509259259259272
2 0.7236666666666667 0.4087592592592592 0.014197916666666721 0.04070370370370379
2 0.808421875 0.4046666666666667 0.016312500000000084 0.03431481481481487
2 0.8297135416666667 0.4573888888888889 0.01801041666666663 0.04089814814814822
2 0.9625468749999999 0.4519259259259259 0.018572916666666474 0.03661111111111113