1 0.02890625 0.5805555555555556 0.0328125 0.06666666666666667
1 0.01640625 0.36666666666666664 0.0265625 0.044444444444444446
1 0.2453125 0.37083333333333335 0.01875 0.03888888888888889
1 0.28203125 0.4263888888888889 0.0203125 0.041666666666666664
1 0.3890625 0.5111111111111111 0.0203125 0.058333333333333334
1 0.3765625 0.4027777777777778 0.0125 0.03611111111111111
1 0.4796875 0.47638888888888886 0.0203125 0.04722222222222222
1 0.56484375 0.5430555555555555 0.0234375 0.044444444444444446
1 0.6234375 0.4236111111111111 0.0171875 0.041666666666666664
1 0.70390625 0.48194444444444445 0.0171875 0.041666666666666664
1 0.8125 0.5430555555555555 0.021875 0.04722222222222222
1 0.85625 0.5152777777777777 0.021875 0.03611111111111111
1 0.95 0.5555555555555556 0.0203125 0.041666666666666664
1 0.42109375 0.43333333333333335 0.0171875 0.044444444444444446