1 0.08276041666666667 0.5972314814814814 0.03465104166666668 0.0672407407407407
1 0.04061458333333333 0.545037037037037 0.02174479166666667 0.04903703703703712
1 0.023494791666666664 0.45496296296296296 0.02314583333333333 0.045518518518518486
1 0.06777083333333334 0.41400925925925924 0.01953125 0.026027777777777792
1 0.29129687499999996 0.35984259259259255 0.013968749999999997 0.03124074074074075
1 0.3338541666666667 0.4029351851851852 0.01851041666666662 0.039472222222222166
1 0.3696510416666666 0.46412962962962956 0.020546875000000055 0.034953703703703654
1 0.43083333333333335 0.480824074074074 0.017203124999999986 0.05214814814814809
1 0.41541145833333337 0.3770833333333333 0.01431249999999995 0.02637962962962964
1 0.5936197916666666 0.46004629629629634 0.021421875000000055 0.04492592592592596
1 0.6673072916666667 0.3667499999999999 0.013286458333333506 0.038074074074074066
1 0.72503125 0.40300925925925923 0.016458333333333287 0.037453703703703746
1 0.8322864583333333 0.46474074074074073 0.018687500000000058 0.03412037037037045
1 0.870203125 0.396537037037037 0.017734375000000212 0.0378796296296296
1 0.4969270833333333 0.42834259259259255 0.01470312499999995 0.03779629629629634