0 0.921875 0.7041666666666667 0.0328125 0.06666666666666667
0 0.96015625 0.5208333333333334 0.0203125 0.04722222222222222
0 0.97734375 0.5791666666666667 0.021875 0.05277777777777778
0 0.9078125 0.6472222222222223 0.021875 0.05
0 0.71171875 0.44583333333333336 0.015625 0.03611111111111111
0 0.67734375 0.4777777777777778 0.0171875 0.03611111111111111
0 0.61171875 0.5208333333333334 0.0203125 0.03611111111111111
0 0.5953125 0.425 0.015625 0.03333333333333333
0 0.46875 0.4666666666666667 0.0140625 0.04722222222222222
0 0.40546875 0.4791666666666667 0.0234375 0.04722222222222222
0 0.34375 0.36944444444444446 0.01875 0.03333333333333333
0 0.26875 0.3902777777777778 0.0203125 0.05
0 0.2453125 0.35 0.0203125 0.03333333333333333
0 0.13671875 0.35555555555555557 0.0234375 0.041666666666666664
0 0.16796875 0.4222222222222222 0.01875 0.05
0 0.03515625 0.36666666666666664 0.0203125 0.041666666666666664